0.989408812788293 0.13064293037625785
0.47973783222638244 0.5941446124184062
0.00956456622770363 0.9551638203632056
0.5241789779119889 0.6982646608288531
0.10637727147532594 0.9571200131683206
0.595054311017189 0.3343574055532542
0.9805079081275134 0.502834631328029
0.9032280882027717 0.9381984753854906
0.11642602169379057 0.8610389511948393
0.1142050727187145 0.9591424489994388
0.8171301568856694 0.9203732134452384
0.17567535950158752 0.45429881770174374
0.37091105395585977 0.8011757336927888
0.422747007489063 0.7212985159067185
0.061614340474394624 0.39259635942589843
0.672811534559327 0.3019568439889432
0.6176474976608565 0.14392228381176664
0.7964003634988405 0.5026150241750155
0.6100159001314234 0.01810570927061439
0.556055484767783 0.1716698233304529
