0.2669003158772566 0.17262305667531286
0.15986780830641834 0.2930680694379356
0.06497250303065316 0.4929371285615042
0.31488385370194993 0.15658354870197255
0.9171085198703406 0.3352784241806902
0.37737715088664114 0.84478628548455
0.7447316679648115 0.03805845614454284
0.4391555992805073 0.39897967917081656
0.2793139019528035 0.27199093724687173
0.21473441424044115 0.27190820876749533
0.8736083145780695 0.16246193613188387
0.8449779248651406 0.22072345298718743
0.9437040764102601 0.5530141030442118
0.7701775004540401 0.24708554116552928
0.02679704644909431 0.1519190854584732
0.03294757510972823 0.002643275731332384
0.07335950328706742 0.3516634242213206
0.8957360209412336 0.6416131305733805
0.25743033165413354 0.8402750124006418
0.713408967762811 0.446903371727413
