0.1337008467222729 0.7886263547618056
0.05931647191882017 0.42145480128306134
0.5889476999179618 0.8878808771435109
0.521319317954757 0.04318173304602457
0.4032236262447274 0.5061097891294261
0.042988536184518145 0.8226519581795373
0.9347709267174341 0.8231943809553716
0.7020035469723784 0.36748963115584954
0.12856295600136947 0.2098525827960509
0.19275677081737086 0.7218973465601216
0.5420904451644176 0.13597391172181672
0.22662927526917165 0.2889954427675313
0.0669116083056781 0.2889164468012039
0.48070664988828526 0.3457067019640059
0.7839845083982124 0.2218644308391795
0.15844164125122961 0.39655504881669845
0.5245896833565167 0.4001970950907058
0.25018520288493495 0.6762230165117469
0.8736899839205321 0.3429208936852346
0.13717085895478465 0.9554398116862541
