0.12298534461025168 0.09023351693914994
0.2359861151985273 0.9149100853216278
0.9297242636335049 0.5095697477819705
0.02898793828202506 0.46416845631772274
0.21688882652658636 0.7535527382588731
0.36144672714448767 0.4816670571581013
0.45904559262581235 0.4320349015162417
0.8910864886142643 0.6320789800609709
0.656017827665575 0.14147488499485095
0.2434130565279018 0.24031135821423788
0.08742962814226529 0.5129649253741859
0.6919868227194448 0.40550844955297305
0.8181286674955317 0.35101835414704907
0.7147109529083235 0.6967968752803837
0.5468027180228083 0.38438809876659286
0.6126892903889825 0.5970634348792025
0.9613951151976616 0.635538563015533
0.8401218232396652 0.862032356786691
0.36746263623718123 0.1819945505129026
0.6868700072431076 0.7441353879691727
