0.255961367904597 0.3758346289878578
0.34215066183651477 0.8507763819044986
0.062315568867952864 0.7000890047139441
0.8027643814150874 0.5734368990711374
0.7514701709714177 0.4939767269472778
0.2641189422183212 0.5231633255517256
0.9529042568550327 0.3887451756668504
0.2687653072915599 0.48313001415887635
0.21449872916164803 0.4842155969277745
0.5206060566115773 0.5102074414782417
0.9904065222706354 0.21048906657000854
0.01901406487037982 0.54849612593194
0.39603655953026307 0.5476247505355613
0.18871767037871756 0.760955110006798
0.685748360548758 0.2690921954413624
0.3677878201812962 0.2024470034841016
0.6051430554307676 0.9851514153635682
0.1029761127340052 0.0834973234419073
0.9973762556912488 0.153915808016159
0.3198175993721063 0.2812929938716213
