0.28503740866583627 0.733768806662061
0.5882844751591129 0.6822065299881415
0.9083012204041406 0.8505915619554588
0.4531531733204598 0.029710082932900894
0.11155996572814886 0.921797687832075
0.8772385475539555 0.6615511486001846
0.2258932406908587 0.9847891570121997
0.07071304049879035 0.46286837066273856
0.04971245649931366 0.9438045055004933
0.27530067197982167 0.17528000513886077
0.9056236183904346 0.29694321773454924
0.971660760192341 0.26184451153162713
0.4475581660854012 0.32736333734183287
0.10866116556929917 0.10803566693705402
0.94720627002165 0.6353919393671218
0.8653141792109801 0.767991563868382
0.7350758857675872 0.7486395472705728
0.29306126756344886 0.8412730645898883
0.44904045383701885 0.688810945806474
0.5542580298016864 0.22259355873281317
