0.80155328036685 0.5519008130437963
0.7811841323102442 0.8091506997194983
0.23232656871473178 0.3471485204398538
0.7059089709480337 0.5114542752052037
0.7084836974713988 0.3067427874608778
0.45785173190051875 0.03312686593851888
0.8152093446159285 0.19712655146651303
0.7427911424897733 0.2142371304913987
0.4660962119671095 0.6697475410397804
0.9666575404393964 0.82023534593394
0.9724856945709335 0.24161909185720643
0.11695442147294643 0.7180061525855292
0.9117826830651948 0.5416895085148166
0.02532263256632661 0.7969938397603922
0.6136225656294483 0.13335421143821613
0.04936367266114616 0.21575264919867376
0.9040575887364846 0.9587946921008702
0.9237525372088512 0.8052516547756937
0.6004691028038992 0.4674311185851927
0.7738347992032809 0.4924899374398428
