0.7607356674760585 0.8338663958323399
0.5554112387650333 0.33935171021568544
0.14514229007237345 0.7687899801359228
0.3853060772573651 0.14028926401850028
0.3456149281982598 0.6588911739717827
0.0065498649659523345 0.6082742321863415
0.7796165518007491 0.5735226419818832
0.9107258889322906 0.5337638446580397
0.17759677057928713 0.3690361855555313
0.10418762903968248 0.5911326685754826
0.16531772520178334 0.7749799079782179
0.5110104799579249 0.39257868242255356
0.6114626989540655 0.9585067670127552
0.8093321222627985 0.5229417938655544
0.10628055531370506 0.2992028001337863
0.03607326321222504 0.3076622740281245
0.25830816229419085 0.3418948277179128
0.5069438238255474 0.8170834914718231
0.8487521152210005 0.41159898425289765
0.34180464280771783 0.14252997379910537
