0.30170654466972346 0.9007045085358841
0.584325147524365 0.9429212967949367
0.8725329956157089 0.4403925974111147
0.3537671504162495 0.9955767448201746
0.36846376373861767 0.1328189352605592
0.325934215908228 0.12944050893496772
0.8134971430461004 0.7179128972255251
0.739463955993248 0.35116329254759937
0.3161856207628061 0.07505307269809602
0.7522081548886046 0.519358906641111
0.8476919246897304 0.9302723071068395
0.8302892601776273 0.3682428674389857
0.9259359877999054 0.2952753048004402
0.4174087719109243 0.40152624455362973
0.5305701694369218 0.06383628302203026
0.02213273850085873 0.6959024313092096
0.08230926846749831 0.11399595433773724
0.2602944806475357 0.09193997312459623
0.8601812743938779 0.46857843519544007
0.320318592065568 0.4699223064400164
