0.7520264414859197 0.7967568741326408
0.3721240200019449 0.40545923505823556
0.22053175841183392 0.8214118748216708
0.7380862893903264 0.7403847608210743
0.1769545636617903 0.263616238190557
0.8843598249693613 0.5493263031127112
0.3412513367611577 0.23242040481400073
0.0227720526166052 0.28020045257883763
0.31123214981277847 0.6193224253549842
0.375252175714344 0.9488338806286781
0.0458398341818399 0.22499060763754863
0.577071077943251 0.9604151770263044
0.7220493774701796 0.5833748426430452
0.6208304782940062 0.028497275584328352
0.5635621935210373 0.6197114279428632
0.12736526425274253 0.31682476595453934
0.49825972630346627 0.9517788102899619
0.8791358261387351 0.11773757851365785
0.7914194656933558 0.5978616296730449
0.23235233147134526 0.35062866269184356
