0 8656 8785 9639 14834 15533 11996 217 8907 14079 19755 6635 19748 7105 13090 9419 5984 15412 2177 13375 
7369 0 10905 8000 17851 2275 2480 11237 1502 16474 1016 973 3395 10131 16604 1539 13185 2244 1119 19630 
17102 12129 0 2280 15841 3596 6151 1549 4837 12759 14484 7534 6619 17026 7535 8993 7665 7140 14540 17117 
5239 7011 7880 0 5456 710 13856 5842 7658 18495 15869 3810 18148 16043 18686 9306 18935 17287 14045 9815 
6919 7055 9274 4005 0 394 7194 4642 16725 891 16455 17093 16087 17052 15719 3533 16953 933 17694 14559 
9341 3946 15960 10451 12509 0 9599 2083 15189 5923 3237 11484 11441 6818 15202 8861 9691 10759 3143 12161 
18061 6343 1627 483 15885 18148 0 2810 15724 13736 3034 557 10404 5329 4065 12291 14832 2641 13626 7728 
15601 14558 12696 1751 14386 1513 16785 0 9876 11126 13817 10709 19048 8870 19778 14136 13989 8934 11184 7787 
19834 14487 18390 6172 15536 8263 14964 6924 0 19306 15853 2758 19075 7286 9832 2254 13018 19763 12007 10172 
3453 15373 11108 6576 13258 13092 11516 17104 11013 0 14248 4938 2440 7835 2338 11431 16776 185 17151 8770 
9770 14489 11489 19860 2392 6714 3745 16772 6038 15399 0 17626 6930 16423 239 11560 12079 19040 19942 4566 
13898 11324 12860 2882 1454 18169 1839 2154 15177 12097 10729 0 3722 19626 7097 14185 327 13047 16066 4661 
16519 15563 5752 10904 12111 9811 10270 806 13209 17951 14471 8123 0 4673 7163 11859 17358 298 2146 18237 
3996 2576 7540 1888 18364 12587 5863 13876 481 12385 17210 7890 612 0 17189 5862 8108 15600 2750 15880 
15631 14626 14467 12908 19349 19677 19119 2572 15428 5794 7554 7263 1147 14100 0 17213 12541 13427 6622 17074 
1974 10147 16085 4413 5006 3228 16154 2722 6228 6471 17992 3188 6448 18246 7555 0 18332 6036 19412 14688 
15717 19242 10203 9885 12083 4519 16324 17480 13832 10406 4144 15069 8469 9044 17602 18129 0 3435 207 5354 
6084 13696 17498 5646 11469 17528 15407 18586 7390 11126 950 689 10139 16982 16909 4974 3591 0 18415 4969 
1399 9944 3208 16571 7030 17376 2995 16875 13118 9368 11855 2949 17113 2728 17524 11168 11662 11743 0 1679 
738 9768 14441 1963 10420 15537 3601 17727 13678 3308 19929 3899 3890 4493 7718 12972 5689 1050 4382 0 
