0 7069 19012 18531 10182 2957 1678 6835 11658 7126 19385 19572 5955 14747 10312 18458 19555 969 8429 12761 
2926 0 4966 7928 6089 16016 8132 2836 13726 9143 19444 7818 11253 19325 7226 6270 15448 18748 15851 10029 
1821 16858 0 18347 11377 9672 10456 1476 2464 15160 17241 18505 9922 5651 17374 16725 3107 4457 4955 11727 
3298 14134 16668 0 18477 8133 8581 18444 458 10670 9467 12595 2443 15666 10896 17703 9908 17043 7702 11418 
8666 19955 17404 12395 0 1989 8488 3623 11717 19300 15731 9606 6485 473 6820 14547 18610 2812 17514 12482 
431 14023 975 3826 15406 0 3748 3629 2974 16925 8730 17357 1909 11198 2200 19704 9365 1215 6795 16428 
7882 7918 12120 1410 16936 12026 0 13009 7794 19350 15365 12618 1216 311 4072 15654 1060 3580 7724 11382 
8911 7858 8210 13477 14721 7768 91 0 4365 675 8553 217 5381 10350 11341 8522 887 16457 16692 14235 
4458 4352 8178 2113 8266 10415 14838 1875 0 3025 14545 11634 643 15158 4209 399 3015 283 3843 267 
16274 17706 17886 6227 19293 9257 8294 7157 2845 0 17675 18143 10625 6322 4645 1750 699 1262 6681 8717 
17161 5636 18229 14425 9779 14500 15685 12681 9661 2383 0 13473 7621 11199 10743 13865 1406 12798 19784 15963 
11864 2262 18167 6028 9952 13650 6367 1323 743 6397 19883 0 2688 3658 4611 17007 7245 17695 4726 2563 
1968 5699 13075 13761 1283 18015 11439 17258 7436 362 8249 17544 0 1039 13355 15903 15920 11056 11829 506 
6637 8394 10969 19361 12159 15360 3208 13669 3061 4416 4980 19139 19730 0 13998 5599 15606 12814 16587 1931 
18233 7284 14807 11945 17534 11007 14997 7881 3174 12885 14536 15443 17419 7901 0 19134 9321 18066 6822 19364 
17278 7870 16859 1917 5166 7677 16211 10358 13442 13906 10242 2617 12096 7484 9930 0 18013 15409 10997 14253 
5295 10505 3555 7379 15006 4433 18761 18745 4412 3331 10163 19595 1312 4219 10718 3016 0 4232 5028 18023 
16225 817 1760 5480 3600 3686 2942 11036 16893 13579 11081 9779 15075 3310 18370 14441 10446 0 12864 19665 
8708 19894 15915 19549 2260 10633 1105 2330 3592 8269 7623 3857 16919 1693 3927 12317 2842 14110 0 912 
11481 18956 12398 6371 4358 16225 18044 16308 17825 9683 2053 466 9487 7904 13522 14372 16918 14708 6968 0 
