0 18285 6361 8659 17041 4605 13091 1207 923 9622 18859 12678 8478 12938 3183 6827 8141 8440 14718 9302 
12576 0 4421 16554 3119 12276 17224 4982 5116 17573 2773 5157 1388 9944 3378 9017 16784 12009 13418 943 
13858 2308 0 6816 14868 5 5714 1658 2858 8025 3228 2876 9718 5000 6001 2615 706 17112 7494 9702 
221 13901 5074 0 4595 8138 14495 7664 14244 7459 438 19669 12499 2032 5009 13014 15999 6316 17330 8942 
2936 10535 11009 9119 0 12646 4001 1749 1624 7665 17025 16084 1583 16715 17516 14257 8454 7022 12263 14323 
12430 17425 14814 11610 905 0 19956 12008 18001 2670 6836 9423 18814 2224 2334 2338 1603 19566 14453 3301 
10826 1798 10130 19975 5052 12102 0 19428 17679 19295 8860 9169 19849 4049 3181 14492 16670 4718 6553 18039 
7182 410 12063 764 13403 19426 12372 0 15827 16367 10286 5558 17574 13441 11765 15985 11321 3875 13160 1487 
16451 15269 6887 10471 15307 7498 9521 12940 0 13393 12591 4517 17968 2613 9160 85 6829 18589 8225 19109 
15762 15532 3575 4471 15261 7713 14345 12769 13824 0 5275 21 2220 3244 3936 18851 16335 19818 13080 9486 
4042 1252 4798 2610 19009 12591 17632 14464 6180 16141 0 13087 17363 11939 10157 430 3651 5794 18958 15847 
19037 16120 3198 5731 18819 241 13139 678 16248 10026 10098 0 16732 6133 18153 11625 3453 18741 17356 14514 
14612 9167 15195 16404 6597 15552 281 11518 12084 5894 12400 18994 0 12074 17646 8585 13302 18098 16916 19968 
5387 18212 4796 96 10490 15329 17187 14421 13973 14520 1479 12788 10049 0 17100 8517 2004 19944 13621 11541 
13954 15822 15368 15095 6224 4712 4459 6407 16833 2705 16431 9322 2415 13849 0 15909 6594 87 475 5982 
202 7223 12057 4932 1304 10512 8292 10150 1572 15896 8701 8424 15847 14389 5881 0 4184 2415 5281 12401 
2887 1672 7841 12421 5403 6545 5404 18217 1072 8765 1608 9147 12067 13916 7531 15926 0 19733 5188 626 
6689 14796 823 1606 12920 17625 13508 3789 3153 12188 1264 947 10232 7903 18906 14302 3972 0 7275 16719 
17093 15211 14040 8702 15997 19534 6451 6630 12697 19359 3433 8092 16025 1605 7522 16827 5353 14841 0 17803 
1839 19291 4563 8514 8178 247 8200 4564 16697 5041 2457 13872 12729 14519 14766 18279 4329 978 17913 0 
