0 10034 9523 4455 12640 16067 18794 3217 10075 16274 6390 2515 7979 18932 585 14892 14174 13349 15583 340 
8352 0 2850 8214 3674 15680 16828 14738 396 12589 16712 14502 17664 12052 10015 5379 362 484 19063 12305 
18772 11259 0 16588 4668 3960 903 19023 10922 9773 3187 212 9525 16197 13601 13122 4118 7834 2133 5263 
17879 3409 5782 0 4692 7044 17421 13923 17791 16825 3499 9401 17454 4320 461 6159 10892 12441 16751 10232 
19940 16534 6661 5106 0 3593 1040 12622 4712 2393 17436 11870 7753 7423 6624 12897 5586 12783 19086 17373 
2542 19791 14290 16595 2359 0 3581 7224 8011 17299 8314 14379 17025 7576 5938 14122 12013 17863 15246 17104 
6372 4940 12891 1197 10439 5954 0 16137 2452 8213 297 18260 8630 9115 9770 11872 15105 3347 1481 2861 
14283 10957 5843 18216 19148 19332 18061 0 4681 9147 11572 15673 2028 12343 19126 16983 14651 1625 6025 5639 
18263 4721 9207 15139 4671 7877 19671 3722 0 6916 11260 12579 14866 19506 10524 929 11541 14042 13421 17046 
13399 9216 12956 18902 15225 5998 9300 14144 2293 0 3743 1520 13723 3638 11041 17167 9131 17827 16307 12852 
12528 7460 7430 2158 7406 8400 7247 8614 8933 17665 0 2164 875 7776 9949 4947 4910 8922 6876 9510 
3677 17933 5396 5490 8635 11024 2150 3439 19412 12551 9133 0 17676 18036 13672 2683 3142 12369 19388 2576 
5056 9739 7640 953 15734 6201 3774 11790 1606 19517 16444 10837 0 5314 14598 6898 3207 2693 9057 12600 
11189 2501 3464 18261 18456 17977 15993 2622 18415 13598 14382 7695 14311 0 17871 9480 18669 6552 13526 4104 
7349 18780 10225 18557 19704 18373 11655 19857 19013 19345 8857 5584 10088 16020 0 4696 15226 7185 4384 570 
2002 8468 4704 15764 16361 3266 3760 2314 8696 4874 7957 3787 13306 11274 19629 0 5112 8212 8902 17984 
12366 16176 10473 3455 6405 1104 16879 9602 12261 992 15297 262 17451 3682 10901 11306 0 16617 14898 17967 
6131 17418 9402 7627 11953 13085 15554 4196 9962 10818 1195 19731 6606 1969 4456 17356 15518 0 9908 6977 
17899 10032 14556 18962 11521 4763 8722 15622 6253 11381 10748 12767 18755 8507 349 15644 9104 8555 0 154 
19621 1048 15385 14116 3879 11919 5796 15771 33 2286 15169 14307 16410 4396 2982 14404 15735 651 17444 0 
