0 11868 14745 5268 11368 3902 9413 17264 4523 17407 8005 14070 4605 7597 1545 13865 18563 14217 6245 6435 
19128 0 16502 1011 5402 9314 19908 1332 4456 2724 15435 3806 15837 5142 12919 5054 13893 18934 3394 6344 
14320 15944 0 12412 992 10562 16851 6149 5451 2844 15351 5227 16954 12465 14102 7325 697 14198 15980 19008 
7758 3049 19010 0 9622 1308 18125 16258 5672 3111 15979 2952 2809 4959 18567 2332 4337 360 16830 18945 
128 678 9896 13572 0 17865 6879 2075 7455 9755 13151 5008 5197 2150 1857 767 15461 12958 10684 13184 
6526 12306 12249 9299 19777 0 5590 4091 10608 18379 14877 2659 14642 10660 4559 8763 11417 18143 224 3929 
6443 16709 5913 7206 12196 6009 0 14222 10177 3381 17073 6188 14288 7787 10908 13416 19077 4164 11991 3652 
12481 1327 19652 12763 15124 18560 7671 0 1085 9345 16375 17809 115 665 18861 16526 16748 14545 4050 15804 
16573 4452 17159 18781 15160 18637 3044 18790 0 6863 2487 18826 16478 14348 909 15425 3782 8859 10928 7599 
15877 11192 18539 6095 12582 16411 15809 2648 19275 0 11514 14330 18818 14004 14608 9356 13029 12275 16551 5289 
6690 13924 11621 7655 19896 17486 2449 19325 19955 16656 0 16260 9434 1889 10711 14428 12317 19043 6185 15398 
741 4058 601 2240 2827 5742 758 10387 15257 15737 17815 0 8586 6722 10370 19364 16625 5043 7749 4694 
7112 18973 17857 3608 15392 1453 4335 1465 11627 14885 614 3492 0 12122 11008 10189 9984 3202 8041 11095 
633 224 15970 18010 1048 6766 7217 11924 7415 14617 14407 6936 16279 0 13851 19524 6494 5612 4106 19494 
7275 598 13134 12064 17914 12973 16735 2827 11898 6313 15400 9343 9213 11306 0 17281 11513 19715 14827 4584 
8731 2672 14568 998 13802 1595 6981 11516 1205 1186 470 12776 13021 4142 18056 0 12023 9668 19547 14127 
5846 14588 11705 18449 16024 2096 18534 17256 19171 15858 12017 6023 19253 1779 19698 1445 0 17669 13578 15858 
1171 14260 1923 3746 9008 4400 8703 6127 591 2326 16883 401 9932 18863 13356 16708 10789 0 12933 7286 
2630 8451 550 9687 6542 7343 2425 1312 3137 17740 1886 15393 19265 10919 8513 19400 16016 6264 0 19694 
15672 3831 16072 2249 14646 11430 4284 19347 6381 16492 13839 4123 6152 16243 4046 10720 18146 9537 14150 0 
