0 13779 11115 7288 14366 17547 19994 7582 5252 16673 2765 6556 19290 9705 1014 458 17094 7228 16007 13672 
1929 0 7663 8778 2707 12792 19427 6660 11508 2389 6458 626 6553 12165 7828 5392 7963 688 8957 19976 
3730 13979 0 1889 10236 8161 6792 5171 16902 2786 12381 43 12686 18209 14949 18997 10313 18770 3767 15155 
19636 18403 846 0 6549 6476 5678 15102 8003 18436 8780 5096 15201 13659 7076 9712 10420 17320 14889 11581 
17491 17667 5257 11544 0 4748 18476 6695 14152 19026 8021 14353 13947 11228 6033 8489 10220 4527 9554 7770 
3941 19985 16214 2704 4733 0 11159 19191 15353 18041 9236 1927 15516 13074 3277 12679 10657 10603 16363 9071 
17144 16384 7739 11023 13730 751 0 13498 6805 14706 7829 13921 1407 19787 8864 4257 19053 557 13320 7578 
12357 9165 18666 3256 9521 3970 15222 0 12686 7914 18966 5920 5072 17468 19073 12540 413 10581 1751 19740 
14255 6518 6913 16115 9352 7817 1707 7555 0 13067 13776 14558 2346 6164 1833 3649 19713 8567 11497 19112 
13946 766 7457 15268 14766 5686 18594 9535 1249 0 15210 7848 8004 11431 17939 4238 4170 2588 10382 2802 
6947 18266 12410 10824 6857 7259 19683 9439 5134 17047 0 10648 8557 9524 9582 3806 11 2659 890 12122 
18937 14158 7575 5774 6625 15974 13117 11873 9402 12027 4769 0 10364 7622 7763 17883 8993 6388 3065 18658 
17059 15394 12800 18589 7591 19093 3293 4317 682 10394 162 5084 0 16873 11176 13176 6700 18833 11113 17204 
15679 1978 2700 4806 127 10285 14782 5668 4994 2212 9541 10800 18482 0 13470 8571 5343 13637 18329 12563 
2798 4638 19206 16050 5632 747 15481 13806 12468 12619 16790 8670 10453 5407 0 13498 1954 12887 1022 17617 
17037 6838 7954 1123 14358 3209 1204 5446 1749 12628 7177 15850 7874 4491 8767 0 7472 8547 3667 14454 
16009 15770 19589 11833 5326 17559 5861 10814 16726 12997 14994 14650 10165 1395 2522 17949 0 6415 17057 7515 
25 10968 11867 12357 19201 5429 16754 3688 19106 10206 83 18521 11524 13515 6087 4809 2036 0 5996 19708 
14105 14452 17721 5552 15478 7980 4911 8122 14456 7069 17384 18117 18544 18057 14564 5278 11722 9025 0 7842 
12139 4349 19677 10111 14992 12013 6582 9524 8481 7146 15809 13825 18461 559 9728 14036 14109 6604 17696 0 
