0 15918 7597 18461 12158 100 16211 17172 19056 4957 18299 18398 17680 7192 15776 13933 2805 2398 9024 14443 
4435 0 1356 17593 6036 19774 2204 19812 16324 1071 16220 13596 1029 6274 12434 12096 3761 7361 6812 17310 
6161 7244 0 15496 2353 13395 294 18344 18831 10849 3851 19003 9591 1884 8439 794 9116 13628 3008 3868 
13897 18059 8119 0 8433 3370 18983 14830 1284 8341 2033 19904 8416 18281 14452 9038 15230 11494 14142 8933 
7609 2875 3387 6335 0 12138 12811 1623 17590 11757 7763 13771 5758 4364 8172 15916 4046 16173 2528 8467 
14038 19110 7821 18466 5181 0 12049 16036 7310 7961 9426 3981 17942 7399 17558 19426 16414 5772 8943 10413 
6739 13864 7883 16546 5097 8614 0 16972 11174 9669 1653 3292 11607 15811 18034 5609 852 2724 7363 19434 
8813 17459 560 5493 3532 4804 4669 0 8972 3729 17509 15377 11852 2771 10303 2364 8697 11175 13273 6101 
17473 19832 15442 16384 11270 19377 7762 2691 0 4254 2460 16232 14341 5736 5172 489 4481 9954 11450 972 
16076 15934 10018 8630 382 11808 17285 5165 18757 0 10961 1567 18915 7249 13624 4105 1737 16 6820 10594 
15651 12432 8017 3262 4461 17669 3403 18011 15268 11528 0 10417 3751 7468 9511 5932 11761 2771 17356 6493 
11758 8740 1716 5021 18347 10495 1157 19628 16602 10476 19346 0 14480 18757 4549 12048 10092 5341 14216 17501 
11014 3558 9351 5737 2549 13298 13620 16605 4954 6922 5621 18518 0 3545 2772 12791 10363 16154 4350 2253 
7561 15610 7217 3030 19890 14212 3856 7430 3516 19619 3128 15916 12538 0 7131 5383 9391 6436 2049 16923 
15602 8928 7586 8211 2226 1053 8784 19074 18216 6711 10917 11131 17108 12399 0 12086 2756 11258 14568 4001 
15133 4328 7810 2403 9277 10883 14964 9142 3398 16548 16315 1621 7562 19967 19174 0 12112 18337 8650 1432 
19432 19950 14832 3103 8492 461 14566 8379 19439 11566 13540 17399 7453 18830 6498 11724 0 6640 5549 3626 
10391 17112 7863 6902 14492 12943 11381 12182 7359 607 10265 8630 14726 2340 18602 6161 14655 0 17036 10839 
3630 544 2389 13163 15814 2191 6388 10946 5579 19686 13640 18686 19126 2800 2626 18389 16859 14577 0 13646 
9904 10164 12006 4040 12467 15245 18921 17206 10534 19215 16697 15029 8988 713 16840 19468 12863 17611 6231 0 
