0.0 0.6019240912521565 0.25722322451346186 0.524171055405503 0.588846702674037 0.5213665491149834 0.5317719490452523 0.12863041118735288 0.360885073772769 0.580844947514904 
0.6019240912521565 0.0 0.8158675438336221 0.12113086865112807 0.1845727858731808 0.08361504919978155 0.7006386770632234 0.5933757147881953 0.7140146299096659 0.944948594499896 
0.25722322451346186 0.8158675438336221 0.0 0.7183671906639587 0.8326645478413228 0.732359135791884 0.4782210380624845 0.22262446513146641 0.26734484424504995 0.3945295110239155 
0.524171055405503 0.12113086865112807 0.7183671906639587 0.0 0.26984693310440533 0.06565076400200581 0.5795932407434674 0.49641276580313703 0.5979355144842431 0.8256335033251857 
0.588846702674037 0.1845727858731808 0.8326645478413228 0.26984693310440533 0.0 0.20465084633304662 0.819507157447174 0.6196311183966964 0.7891841020198294 1.031977253912831 
0.5213665491149834 0.08361504919978155 0.732359135791884 0.06565076400200581 0.20465084633304662 0.0 0.6321627652851053 0.5098265947713979 0.6340107195211551 0.867852718135839 
0.5317719490452523 0.7006386770632234 0.4782210380624845 0.5795932407434674 0.819507157447174 0.6321627652851053 0.0 0.4035516196754951 0.21088292152749244 0.2916587914588128 
0.12863041118735288 0.5933757147881953 0.22262446513146641 0.49641276580313703 0.6196311183966964 0.5098265947713979 0.4035516196754951 0.0 0.23674749346382998 0.4686311899199174 
0.360885073772769 0.7140146299096659 0.26734484424504995 0.5979355144842431 0.7891841020198294 0.6340107195211551 0.21088292152749244 0.23674749346382998 0.0 0.24580902498635798 
0.580844947514904 0.944948594499896 0.3945295110239155 0.8256335033251857 1.031977253912831 0.867852718135839 0.2916587914588128 0.4686311899199174 0.24580902498635798 0.0 
