0.0 0.16364168899496626 0.42807325515457667 0.44705656165873925 0.4615513829199503 0.2682248772143733 0.4404827052032557 0.4878101956360788 0.31746257511717996 0.6237538604554177 
0.16364168899496626 0.0 0.5896029952029604 0.5340321017324862 0.3059119387370475 0.29826275140923736 0.6027853732825783 0.37729341179879233 0.17062732211465395 0.5707603965349761 
0.42807325515457667 0.5896029952029604 0.0 0.5464128252246969 0.8891611366832672 0.48723477358520473 0.021038942669338225 0.8865915060784689 0.7438405767652497 0.9454084599126557 
0.44705656165873925 0.5340321017324862 0.5464128252246969 0.0 0.6912768417889638 0.707740558617024 0.5403105253911747 0.5612028990154113 0.5701823670417229 0.47828450526305105 
0.4615513829199503 0.3059119387370475 0.8891611366832672 0.6912768417889638 0.0 0.5657361161625608 0.9008216365314684 0.21044720319874693 0.14668566207790837 0.47593467182166116 
0.2682248772143733 0.29826275140923736 0.48723477358520473 0.707740558617024 0.5657361161625608 0.0 0.5068430007239378 0.6742339508551008 0.45704484023781144 0.8619778717145311 
0.4404827052032557 0.6027853732825783 0.021038942669338225 0.5403105253911747 0.9008216365314684 0.5068430007239378 0.0 0.8938290599410672 0.7551047397975109 0.9468250520466915 
0.4878101956360788 0.37729341179879233 0.8865915060784689 0.5612028990154113 0.21044720319874693 0.6742339508551008 0.8938290599410672 0.0 0.22402836909794965 0.265531762000341 
0.31746257511717996 0.17062732211465395 0.7438405767652497 0.5701823670417229 0.14668566207790837 0.45704484023781144 0.7551047397975109 0.22402836909794965 0.0 0.4589645099901985 
0.6237538604554177 0.5707603965349761 0.9454084599126557 0.47828450526305105 0.47593467182166116 0.8619778717145311 0.9468250520466915 0.265531762000341 0.4589645099901985 0.0 
