0 980 18609 12325 7806 18091 9694 1765 10650 19134 
18774 0 8255 14891 12230 10228 10694 10906 9335 16915 
18143 2780 0 10954 3227 9131 12239 18882 3034 8422 
12771 1540 14973 0 7284 18303 857 8997 3042 25 
9662 10108 8971 4820 0 4199 17924 6603 19234 7667 
13978 19062 4070 7536 2622 0 16272 16379 11966 5928 
688 18019 8750 8153 5704 2936 0 4006 1163 7912 
18920 7217 18610 9151 13836 14260 3715 0 4579 1212 
672 13189 18972 15509 13714 18125 5042 13555 0 3664 
1616 14751 15354 2278 12401 17466 4811 19547 14031 0 
