0 4096 12036 3521 3315 19864 19034 3535 450 5622 
4302 0 7959 1677 16782 6092 17228 14252 8088 12402 
13537 9041 0 7209 9559 5623 5958 14402 4326 9242 
817 1678 13088 0 10165 15878 3036 6787 19930 9363 
1099 16138 3678 2832 0 4894 18034 14125 19541 18510 
1119 6028 11772 1058 6206 0 11477 10614 14560 15468 
7922 17785 8371 3300 8061 15815 0 16176 1280 3519 
301 4806 9833 2745 15897 12869 10023 0 17592 6337 
11569 10277 12806 8026 10133 4961 17911 6598 0 13901 
4344 12015 16309 4384 18827 8571 13280 7526 4208 0 
