0 6577 3814 6015 3332 10226 12694 86 17784 19242 
9908 0 8927 309 4194 17026 12063 19643 7728 5435 
1973 8992 0 6865 9349 18636 4391 17700 5179 2529 
3927 13569 12654 0 17675 6661 15253 12616 19193 17441 
14957 16599 8269 1778 0 14545 4103 11515 3591 12933 
4896 1427 17842 7526 5734 0 19966 19967 283 3550 
18236 14470 201 10482 1842 16197 0 10951 29 13686 
19509 4901 8165 13812 2961 12905 8438 0 9367 67 
3000 5850 6811 359 569 782 3237 9169 0 17530 
1239 3981 9447 8747 9387 9658 14386 165 16651 0 
