0 15833 9984 11547 3386 5718 16547 10645 8384 15249 
19198 0 9528 12506 12009 4889 3110 2225 19734 6669 
4676 15169 0 7387 18157 14259 14831 1428 10573 10670 
11834 19473 6243 0 15000 675 14173 10155 9348 6384 
2419 9486 16126 11599 0 16862 19884 10500 1342 14279 
6913 11350 120 8439 1175 0 14585 3962 3891 16468 
16757 8638 11525 11761 6583 4512 0 6723 9792 17361 
8380 6606 17793 14186 13094 14140 9154 0 16479 16920 
3737 18734 8530 6306 5547 19097 8617 8076 0 3733 
147 10667 99 17850 10375 1583 13047 5772 14438 0 
