0 3531 18520 18063 16286 12638 18298 10778 680 17800 
782 0 2084 8831 16944 19596 267 12965 2184 14470 
9992 3643 0 13846 5937 1097 17178 6460 4993 19969 
14471 5406 12938 0 14624 16767 14141 9862 1183 14970 
8867 14203 1640 10860 0 9996 328 10646 941 7904 
6288 2512 16641 4274 9683 0 8676 8169 9675 15995 
639 3611 13078 10820 3653 9683 0 9636 15080 2437 
6056 19343 10613 1776 1278 11050 12457 0 12041 5068 
3879 13706 2529 9104 11171 18966 3956 16426 0 924 
13283 5546 18181 11032 4789 1824 5685 17667 11405 0 
