0 11985 10138 11702 18768 18517 16587 3388 14635 1779 
6003 0 18976 6354 15551 17064 15797 11287 176 10557 
928 17801 0 15796 4220 6501 7558 19608 814 11492 
9280 5362 13474 0 6143 12589 3057 11622 5169 12550 
2115 576 1545 18219 0 12249 8505 13962 1826 12870 
5461 17897 9122 4022 983 0 2806 15972 19731 19118 
6045 1469 18059 12697 17948 13629 0 1268 12308 11828 
10157 4193 9672 7733 3832 19251 9951 0 9419 9714 
2488 13046 243 19712 6626 26 5633 18939 0 14295 
7588 7249 7853 17456 10794 7137 4365 7492 2337 0 
