0.0 0.9338903042430112 0.09192694884806848 0.7218599772364347 0.7215858210273629 0.4294440601166695 0.8440307676268879 0.7613991733808754 0.8799932741095498 1.2048305359874467 0.7554624364350225 0.7975300864074706 0.7352473566067812 0.9070145471279545 0.6728308277202656 
0.9338903042430112 0.0 0.9153268555916235 0.23267063837667218 0.8518655365384619 0.5930803288972202 0.17860748008962887 0.17788219695900295 0.05411146440871739 0.5121160614433977 0.6006060833189403 0.3652450816275008 0.24908567158806746 0.3318637031678478 0.9002252237655947 
0.09192694884806848 0.9153268555916235 0.0 0.7153067521723383 0.7901971353831648 0.4605285489387549 0.8103894642992783 0.7391639213050826 0.8621841653666604 1.222920670480691 0.7993493422200014 0.7457342643697417 0.7345467288506917 0.8574171105044002 0.7468861327653575 
0.7218599772364347 0.23267063837667218 0.7153067521723383 0.0 0.6512660850420081 0.3604640743783229 0.2570939573777274 0.13074532628202037 0.1813485941090625 0.5557283471347518 0.42368558489412644 0.3915846400319996 0.04910223683808213 0.4255826958467347 0.6896416806276027 
0.7215858210273629 0.8518655365384619 0.7901971353831648 0.6512660850420081 0.0 0.42246812121106725 0.9069347434373826 0.7787125697966211 0.8127523452347072 0.7602546561032314 0.26376738159122687 1.0079216010592686 0.6149314441528494 1.0674055087015895 0.08280631191555345 
0.4294440601166695 0.5930803288972202 0.4605285489387549 0.3604640743783229 0.42246812121106725 0.0 0.5738997891277733 0.45425939165904666 0.5410663591946675 0.7777924988772041 0.345128159363205 0.6251631217713385 0.3532495768069482 0.7058549468935927 0.421396575798074 
0.8440307676268879 0.17860748008962887 0.8103894642992783 0.2570939573777274 0.9069347434373826 0.5738997891277733 0.0 0.12831498840095873 0.15852640247677918 0.6857654723768252 0.6794251030603411 0.1869121740465035 0.29920020952140924 0.17532793796970356 0.9416208151386688 
0.7613991733808754 0.17788219695900295 0.7391639213050826 0.13074532628202037 0.7787125697966211 0.45425939165904666 0.12831498840095873 0.0 0.12739633143020412 0.6250944600472985 0.5544277043368109 0.2689032378624915 0.1760081804688106 0.29489445942494913 0.8134639419470449 
0.8799932741095498 0.05411146440871739 0.8621841653666604 0.1813485941090625 0.8127523452347072 0.5410663591946675 0.15852640247677918 0.12739633143020412 0.0 0.5281927612706951 0.5664826787627503 0.34332345376633494 0.202508809580692 0.3268702134208002 0.858256238214771 
1.2048305359874467 0.5121160614433977 1.222920670480691 0.5557283471347518 0.7602546561032314 0.7777924988772041 0.6857654723768252 0.6250944600472985 0.5281927612706951 0.0 0.5243458232218081 0.8715137693463453 0.517269342921129 0.8433736945570036 0.8385407142939433 
0.7554624364350225 0.6006060833189403 0.7993493422200014 0.42368558489412644 0.26376738159122687 0.345128159363205 0.6794251030603411 0.5544277043368109 0.5664826787627503 0.5243458232218081 0.0 0.8072002539336559 0.38025212812228687 0.8492390748934058 0.33020738073635414 
0.7975300864074706 0.3652450816275008 0.7457342643697417 0.3915846400319996 1.0079216010592686 0.6251631217713385 0.1869121740465035 0.2689032378624915 0.34332345376633494 0.8715137693463453 0.8072002539336559 0.0 0.44001505708300837 0.1131999456470237 1.0296796102589583 
0.7352473566067812 0.24908567158806746 0.7345467288506917 0.04910223683808213 0.6149314441528494 0.3532495768069482 0.29920020952140924 0.1760081804688106 0.202508809580692 0.517269342921129 0.38025212812228687 0.44001505708300837 0.0 0.47045580133508086 0.6571839754326625 
0.9070145471279545 0.3318637031678478 0.8574171105044002 0.4255826958467347 1.0674055087015895 0.7058549468935927 0.17532793796970356 0.29489445942494913 0.3268702134208002 0.8433736945570036 0.8492390748934058 0.1131999456470237 0.47045580133508086 0.0 1.096224134820121 
0.6728308277202656 0.9002252237655947 0.7468861327653575 0.6896416806276027 0.08280631191555345 0.421396575798074 0.9416208151386688 0.8134639419470449 0.858256238214771 0.8385407142939433 0.33020738073635414 1.0296796102589583 0.6571839754326625 1.096224134820121 0.0 
