0.0 0.8570166808849118 0.8032757020963012 0.19893846777748206 0.0749615329886405 0.3377671695416807 0.7332809840177101 0.5487738567599927 0.5886162648427385 0.6476090540181358 0.4473943683928225 0.23702507469625922 0.5588628806297053 0.78072003354677 0.815466856799301 
0.8570166808849118 0.0 1.024758825037339 0.6765095723747078 0.822984182626301 0.9208271312016487 0.2084932423571539 0.942133974757159 0.5653317436437608 0.7680127611278459 0.6088231366059331 0.7381357144152855 0.3520030060098766 0.9077986598835556 0.14011030412151046 
0.8032757020963012 1.024758825037339 0.0 0.8541435592920867 0.8595314914947033 0.4820086267109009 0.8163949920588519 0.2604977627801383 0.46738043161662907 0.2608738584529201 0.49599234803786624 0.9698682066245146 0.7190123436022186 0.12645567476100777 0.8931366363443474 
0.19893846777748206 0.6765095723747078 0.8541435592920867 0.0 0.14821307761481856 0.4512673361661926 0.5792543560597276 0.6239079177953244 0.5285558451413408 0.6482687819989491 0.4040397560131669 0.12170351038681748 0.41873690107164163 0.8024108900671134 0.6532029147427257 
0.0749615329886405 0.822984182626301 0.8595314914947033 0.14821307761481856 0.0 0.40479384936318785 0.7148320589993157 0.6093682185332249 0.6083260899391972 0.688376559969257 0.4704509785848746 0.16312072313215736 0.5459647210718854 0.8288630151072442 0.7928675387163164 
0.3377671695416807 0.9208271312016487 0.4820086267109009 0.4512673361661926 0.40479384936318785 0.0 0.7395832214772975 0.22153539131620753 0.44644755138526504 0.3955276200472288 0.3304769532540783 0.5455677370078666 0.5699796906959256 0.4872493733808151 0.8310112505966126 
0.7332809840177101 0.2084932423571539 0.8163949920588519 0.5792543560597276 0.7148320589993157 0.7395832214772975 0.0 0.7401034249117551 0.35793084949185805 0.5595806005645596 0.41538577175824765 0.6682262997936951 0.17847568736793726 0.7001987980055445 0.0914408002475369 
0.5487738567599927 0.942133974757159 0.2604977627801383 0.6239079177953244 0.6093682185332249 0.22153539131620753 0.7401034249117551 0.0 0.39024194458256517 0.24322881637027755 0.3404600774987746 0.7328774138586996 0.5985154665875333 0.280292408442888 0.8283040083081954 
0.5886162648427385 0.5653317436437608 0.46738043161662907 0.5285558451413408 0.6083260899391972 0.44644755138526504 0.35793084949185805 0.39024194458256517 0.0 0.20659492475512226 0.14199102796529653 0.6488605970389771 0.25460277935391895 0.361718983985292 0.4424932658268824 
0.6476090540181358 0.7680127611278459 0.2608738584529201 0.6482687819989491 0.688376559969257 0.3955276200472288 0.5595806005645596 0.24322881637027755 0.20659492475512226 0.0 0.25462623637273957 0.7692304723498637 0.45864190600415733 0.1636517518110003 0.6398699861781366 
0.4473943683928225 0.6088231366059331 0.49599234803786624 0.4040397560131669 0.4704509785848746 0.3304769532540783 0.41538577175824765 0.3404600774987746 0.14199102796529653 0.25462623637273957 0.0 0.525723684283119 0.2596021674463704 0.4170335519075101 0.5064666529581888 
0.23702507469625922 0.7381357144152855 0.9698682066245146 0.12170351038681748 0.16312072313215736 0.5455677370078666 0.6682262997936951 0.7328774138586996 0.6488605970389771 0.7692304723498637 0.525723684283119 0.0 0.5201697805750022 0.9220761816023882 0.7344197888210549 
0.5588628806297053 0.3520030060098766 0.7190123436022186 0.41873690107164163 0.5459647210718854 0.5699796906959256 0.17847568736793726 0.5985154665875333 0.25460277935391895 0.45864190600415733 0.2596021674463704 0.5201697805750022 0.0 0.616289473184833 0.26730383021172976 
0.78072003354677 0.9077986598835556 0.12645567476100777 0.8024108900671134 0.8288630151072442 0.4872493733808151 0.7001987980055445 0.280292408442888 0.361718983985292 0.1636517518110003 0.4170335519075101 0.9220761816023882 0.616289473184833 0.0 0.7739234400691167 
0.815466856799301 0.14011030412151046 0.8931366363443474 0.6532029147427257 0.7928675387163164 0.8310112505966126 0.0914408002475369 0.8283040083081954 0.4424932658268824 0.6398699861781366 0.5064666529581888 0.7344197888210549 0.26730383021172976 0.7739234400691167 0.0 
