0 19177 7275 15047 6310 10409 17761 5827 9282 7826 14555 9026 3095 46 4499 
3905 0 14048 6247 4688 11168 1764 6670 3719 17520 6855 1131 2922 16355 13004 
10965 13301 0 14073 1739 10641 7965 10128 2635 6661 19582 8148 1632 13480 7669 
15349 5857 8786 0 1540 17915 14570 3841 11271 1181 12771 18466 11275 15140 6512 
4829 18906 8207 17114 0 19363 13971 5123 5239 17934 14086 8524 5186 5822 15571 
17908 14781 11116 9852 4638 0 6890 7799 11339 17064 4828 13106 4307 15984 15872 
2666 13527 17403 4568 6477 6220 0 6903 10684 8955 1356 7928 15427 17082 16425 
14907 13944 2124 1492 1365 2132 2420 0 15689 3053 11436 17428 12250 16590 6586 
6526 14786 5256 18108 9964 9698 5285 13977 0 13946 7449 18379 2913 6975 18893 
19163 5594 390 11925 19907 9461 12491 18428 19062 0 17796 2628 11825 15059 14418 
9384 11508 12267 11585 15219 11977 2147 10617 8908 1759 0 9368 2241 6639 9982 
10012 6831 2814 16954 16988 3471 12403 9174 6382 1161 18116 0 8891 7715 5522 
7735 3702 951 9983 19573 2589 13552 11711 7392 11410 12041 19433 0 9982 13044 
14228 2835 5193 15248 10643 11346 3354 12710 16692 3898 10855 18892 688 0 639 
11046 17941 7113 12619 6698 7297 19368 6063 5931 7573 1726 14178 11800 7866 0 
