0 14542 691 4247 2745 6287 6942 4865 4380 10993 2102 13809 4296 2446 4752 
3422 0 17445 5268 6369 14202 13303 403 14515 69 16515 12696 3954 12792 7208 
12 5933 0 8825 11007 8542 19313 4744 12511 4731 6317 1127 5408 698 372 
18920 7411 17064 0 3858 7238 18854 14780 9520 6994 10052 15841 901 10902 4413 
1722 14339 7108 1832 0 7888 17924 11083 23 2934 1257 18398 218 11696 13925 
9608 8058 13112 343 7718 0 533 15644 13914 8558 5446 5774 14429 14894 11165 
18360 19225 6211 11323 11593 10783 0 7828 11636 3808 1345 5394 4148 4625 18517 
3787 8011 8660 4958 13042 5254 16482 0 19945 18204 5076 4555 10916 14819 10774 
3558 9095 7318 19751 2801 14834 13610 18900 0 17358 15563 15979 5189 14108 2017 
5720 4437 13032 16933 6949 9 936 4416 13616 0 17581 16177 7953 13029 2123 
5026 10324 19013 8906 12990 19669 18338 11609 17691 2505 0 5175 7485 13851 6730 
62 12076 5460 5470 2212 4112 5411 6061 7027 4983 8635 0 7596 14240 16586 
11268 15101 16395 16364 15351 8795 12205 18984 6308 2823 14828 401 0 18712 9426 
1221 1904 14778 11731 15449 9318 9584 1175 16229 15617 7190 14031 6915 0 4030 
2620 5580 4821 13078 16116 10196 15942 5011 18098 10926 1051 14765 15963 3112 0 
