0 4281 486 1213 2631 12159 10294 2439 14109 6115 18864 8893 13764 15118 14048 
14198 0 13067 18224 96 14244 16530 4782 5418 4430 15670 12331 12078 16613 238 
11421 16592 0 7337 8407 6423 7281 1582 18611 11923 14692 9607 12277 5352 18478 
8325 8910 8307 0 16680 13273 12830 11326 1454 2353 14307 9904 19103 8360 16923 
3126 1638 13719 17706 0 558 2107 17914 6902 7867 6617 5760 212 17164 12183 
2979 7908 14145 11485 4455 0 2446 10872 13106 107 9014 381 8972 3480 11932 
7289 19500 8973 3892 17210 1320 0 5031 4724 6998 12505 12685 1721 7721 15845 
1507 14511 12740 1985 18345 4028 14400 0 11155 8109 7376 14563 4725 10468 8171 
6579 5952 1456 5432 9289 13091 14812 3172 0 7245 7397 4285 7523 15610 13587 
15211 8595 3011 979 1310 202 11155 19769 10988 0 12173 6102 8839 16326 17189 
2840 8969 7514 6893 2162 8506 5631 10506 6847 17283 0 17514 13238 2732 8998 
7846 1502 19548 12273 15673 17285 6200 6244 15213 4953 5704 0 7843 14141 377 
16083 4769 16444 4470 15273 10729 11498 1048 10444 17612 6201 2384 0 5145 13076 
12771 14929 1277 1411 1291 12338 7144 10529 3074 3324 7705 8631 8648 0 7772 
8617 10320 2445 6159 11794 3862 15176 4518 16934 18781 14476 16 10826 16160 0 
