0.0 0.5047786476671399 0.7106643446114066 0.3895320105609396 0.6749978154727467 0.2266644885614668 0.6882634259561916 0.34668661425057695 0.6099362240827189 0.1410383614974091 
0.5047786476671399 0.0 0.24089962333041787 0.5166768735665421 0.43081833936364544 0.4604256528693025 0.6411955129678119 0.5074246001286733 0.14272462373264108 0.38799344154542825 
0.7106643446114066 0.24089962333041787 0.0 0.7563395948789541 0.6041466885337214 0.6983465025130634 0.8499434411174285 0.6058063125908443 0.2703097371152574 0.5775554113187372 
0.3895320105609396 0.5166768735665421 0.7563395948789541 0.0 0.38732192573298563 0.16388452034413645 0.30425347777221756 0.6910766488934279 0.5297937113040107 0.4334892487435769 
0.6749978154727467 0.43081833936364544 0.6041466885337214 0.38732192573298563 0.0 0.48178541394583396 0.27430416338141633 0.8579024671569198 0.33479207864764027 0.638053615602584 
0.2266644885614668 0.4604256528693025 0.6983465025130634 0.16388452034413645 0.48178541394583396 0.0 0.46202352909060457 0.5336361233662044 0.5173520118444797 0.27721848056701165 
0.6882634259561916 0.6411955129678119 0.8499434411174285 0.30425347777221756 0.27430416338141633 0.46202352909060457 0.0 0.9594794274557428 0.581920859341411 0.707694470460913 
0.34668661425057695 0.5074246001286733 0.6058063125908443 0.6910766488934279 0.8579024671569198 0.5336361233662044 0.9594794274557428 0.0 0.6491419903433175 0.2575950321019585 
0.6099362240827189 0.14272462373264108 0.2703097371152574 0.5297937113040107 0.33479207864764027 0.5173520118444797 0.581920859341411 0.6491419903433175 0.0 0.5086823557189021 
0.1410383614974091 0.38799344154542825 0.5775554113187372 0.4334892487435769 0.638053615602584 0.27721848056701165 0.707694470460913 0.2575950321019585 0.5086823557189021 0.0 
