0.0 0.36862721213110067 0.5060203232069784 0.2980089959906819 0.5267455886149419 0.4417345526987367 0.7176284987723888 0.3240944683041503 0.25721632127034855 0.5394199588227832 
0.36862721213110067 0.0 0.8745697966604349 0.35485915864728285 0.8952998730714924 0.7688162449489555 1.0780800577377625 0.6346223129999403 0.1564658908024223 0.7586393858954149 
0.5060203232069784 0.8745697966604349 0.0 0.6983361117299203 0.020732579472484202 0.29505705006419275 0.2726763720587881 0.38151541111375425 0.7506041768347917 0.5738887723676996 
0.2980089959906819 0.35485915864728285 0.6983361117299203 0.0 0.7173783281497331 0.7211207174498013 0.8316657791946717 0.3545507868917553 0.37217024874435817 0.836766055082074 
0.5267455886149419 0.8952998730714924 0.020732579472484202 0.7173783281497331 0.0 0.306329051906671 0.2588331635124667 0.3973110143667842 0.7712315272407092 0.5851435344473847 
0.4417345526987367 0.7688162449489555 0.29505705006419275 0.7211207174498013 0.306329051906671 0.0 0.5644859880575529 0.5216546380818099 0.6190195329731892 0.27888404176959236 
0.7176284987723888 1.0780800577377625 0.2726763720587881 0.8316657791946717 0.2588331635124667 0.5644859880575529 0.0 0.4772462702392159 0.9739108659975676 0.8428333177645084 
0.3240944683041503 0.6346223129999403 0.38151541111375425 0.3545507868917553 0.3973110143667842 0.5216546380818099 0.4772462702392159 0.0 0.5656753393217807 0.7389761710424356 
0.25721632127034855 0.1564658908024223 0.7506041768347917 0.37217024874435817 0.7712315272407092 0.6190195329731892 0.9739108659975676 0.5656753393217807 0.0 0.6032571494993938 
0.5394199588227832 0.7586393858954149 0.5738887723676996 0.836766055082074 0.5851435344473847 0.27888404176959236 0.8428333177645084 0.7389761710424356 0.6032571494993938 0.0 
