0 7214 8954 8587 9833 15415 2813 2953 5382 5158 
6355 0 641 12246 8422 9754 14716 19430 18597 3757 
11751 2271 0 7254 3005 16189 2430 16311 11932 11215 
17206 4563 15208 0 14908 1563 1029 17693 14204 12046 
16631 12467 18560 8216 0 10420 19762 10304 14266 16923 
14461 19206 11160 17116 5339 0 15160 17933 17127 5311 
14709 9733 5963 18720 14678 9715 0 16410 9028 19332 
2084 11695 18288 16245 4385 4576 8375 0 440 8567 
5256 3195 6414 12380 9834 10956 3274 15366 0 1946 
16074 19503 6996 6883 11384 10750 8412 9612 13109 0 
