0 17358 15782 15014 10569 7916 19749 2003 6143 4027 
18800 0 2514 4614 2423 17293 2621 13374 7416 5842 
124 12167 0 2799 9538 16832 2779 14467 14684 1936 
12085 17040 9255 0 3632 11632 4363 13368 13008 10854 
15984 7833 6747 15576 0 9517 11184 13339 18630 12261 
8582 1270 5204 14545 19625 0 17027 11996 1947 6290 
5825 16255 3897 7138 8545 8506 0 2110 19378 4705 
1025 13877 16505 3114 3091 2470 5968 0 9454 13545 
9729 18682 3101 1417 14352 195 14331 6129 0 13521 
1918 7413 10260 5159 10093 5118 19853 13499 19992 0 
