0 19597 5634 10810 14598 16540 16781 2180 16482 9379 
7512 0 17705 10501 1902 5502 9236 10462 825 12982 
18292 17870 0 11011 14134 18444 3321 10641 4764 12308 
14133 1607 8621 0 4161 17428 10757 9600 9810 5602 
3567 4562 1644 9351 0 3404 7607 18673 2417 6744 
13379 18880 1710 7533 14344 0 14370 6687 12373 4977 
8552 2627 2246 14397 8994 13901 0 16228 8230 19607 
15364 17982 10346 1471 12688 16744 15614 0 12855 5734 
11132 15902 15920 13016 6302 3326 10073 19842 0 2794 
7083 112 17884 8890 3209 11060 9760 7380 10220 0 
