0 9385 15312 8897 19346 4966 13379 2691 12717 11787 
2880 0 5196 180 16096 16355 2764 2710 18636 3597 
19349 19866 0 4937 19970 19336 2482 1857 9209 7612 
16337 2549 3125 0 10781 17500 9325 7334 891 9599 
16647 19534 16226 3432 0 14984 14804 2463 10137 323 
11053 1889 10579 3852 16942 0 18414 15636 11639 4500 
1727 4777 5120 19126 5245 3590 0 19768 786 19367 
14863 11525 1953 4103 12383 18417 10197 0 3248 1759 
8233 16336 16084 8412 12212 12640 11949 9279 0 19411 
19863 18068 1834 6754 6694 11644 1715 5697 745 0 
