0.0 0.42691355124375674 0.5824481824050288 0.18804361397699632 0.10088894970986609 0.6975124270293335 0.44585651322738323 0.721603529373367 0.8812682706380744 0.13205674114499164 0.1678811429850415 0.3285414657450088 0.36632720872841706 0.4754209966076461 0.8086780130583503 0.6664834591843359 0.8224283256233905 0.29826197818388356 0.85833584867853 0.3066272961254566 0.5499770773301622 0.5962182200933958 0.25415518951484556 0.15562512435161957 0.39068732613896784 
0.42691355124375674 0.0 0.5496233435761791 0.443434000637158 0.44005866923648335 0.7104021043806257 0.03826670387382557 0.799758929252801 0.9496252562336599 0.33322500360605983 0.25951278956585944 0.21368054560372546 0.12184140456948868 0.3451616264791481 0.7565379306911965 0.7735077422539579 0.7988945351851722 0.6298954041336219 0.5200447542126824 0.27677624695372177 0.5547620790331937 0.5162822011221054 0.2904081366964701 0.36931736982791674 0.5549158173718568 
0.5824481824050288 0.5496233435761791 0.0 0.4087590962840018 0.6749925188485519 0.16138595551616933 0.5235008155101851 0.2673332855322633 0.40360770202764323 0.46692727274229195 0.5205326002098275 0.6843072283836433 0.627167911487239 0.20589715630252384 0.2305601004275629 0.2657568421944467 0.25817433810121976 0.48219313805966596 0.5174245614277414 0.7213888717471086 0.05145253567967578 0.0632794343469374 0.36048042024495486 0.6778674627454989 0.26186060900662944 
0.18804361397699632 0.443434000637158 0.4087590962840018 0.0 0.2884839387515144 0.5122796577963128 0.4468097955434756 0.5336599520780471 0.6935873171996356 0.131425179538677 0.22719836545359323 0.4350263380945065 0.4340264476075581 0.34687713642053997 0.6288820881797572 0.47931035366127744 0.6386757532065686 0.18652625094006633 0.7653279063362568 0.4379900048154746 0.37108299750027307 0.4325371056130729 0.16673600332393748 0.3237997129083695 0.20309895887287638 
0.10088894970986609 0.44005866923648335 0.6749925188485519 0.2884839387515144 0.0 0.7953180306147951 0.46592417074920034 0.8221431177371888 0.9819842734631827 0.21065654099104728 0.20208102005350081 0.2940337112053443 0.35468662472137097 0.5518089544586402 0.9032129222852953 0.7673177146203153 0.9191565866253699 0.38868278058973244 0.9108971154468882 0.25466127058901367 0.6450003510140068 0.6843709043545071 0.3306021012346014 0.08919136141797479 0.49139756882955005 
0.6975124270293335 0.7104021043806257 0.16138595551616933 0.5122796577963128 0.7953180306147951 0.0 0.6847531653908796 0.1271197683593795 0.24302583603754643 0.5955069567879027 0.6610739703792501 0.8368087826815572 0.7842636162921469 0.36728190303631914 0.13981213238982815 0.15931710779919692 0.1285568153866552 0.5329380274125584 0.6286809459759422 0.8698315912450311 0.1617845172456068 0.20798962846164817 0.5020856804413397 0.8102494314632005 0.32375576414372115 
0.44585651322738323 0.03826670387382557 0.5235008155101851 0.4468097955434756 0.46592417074920034 0.6847531653908796 0.0 0.7776793594979742 0.9253581397226011 0.34404340262218547 0.27801550220103904 0.25102856762811815 0.15968768414232792 0.31789396823198673 0.7261038605849174 0.753975739337241 0.769822456560945 0.6331425588736428 0.48272597239718973 0.31361069663071284 0.5313979771099338 0.48744702622114366 0.2876005186082845 0.3987607401978299 0.5448906449842422 
0.721603529373367 0.799758929252801 0.2673332855322633 0.5336599520780471 0.8221431177371888 0.1271197683593795 0.7776793594979742 0.0 0.1611148575571458 0.6368736186322461 0.7140196485725514 0.9040181291508439 0.8612778026923847 0.4663264847299817 0.23668857465125065 0.06645459471109856 0.19446381465964424 0.5088949088920287 0.7555823011746812 0.9299118762034305 0.24721934107322896 0.32357898454593603 0.5614941360812593 0.8500371743303873 0.33112412168342703 
0.8812682706380744 0.9496252562336599 0.40360770202764323 0.6935873171996356 0.9819842734631827 0.24302583603754643 0.9253581397226011 0.1611148575571458 0.0 0.7979884002301687 0.8746518162868624 1.0626308523379606 1.016923002816755 0.6090399952110096 0.2755287658684835 0.21574190004122293 0.2148504176865691 0.655143023650495 0.8421874022515032 1.0899187903918548 0.39508455579954 0.45039330102395003 0.7209501320728896 1.0110633268119986 0.4905895415846942 
0.13205674114499164 0.33322500360605983 0.46692727274229195 0.131425179538677 0.21065654099104728 0.5955069567879027 0.34404340262218547 0.6368736186322461 0.7979884002301687 0.0 0.09594825782754123 0.30360137562483247 0.3067824044944307 0.3445075472045863 0.6966138411193927 0.5883574575880961 0.7160938088657816 0.30755319659915265 0.7288414694155304 0.30864320392031963 0.44015739202607723 0.47393700807945033 0.12256562962952608 0.21492092325608683 0.3161815000751404 
0.1678811429850415 0.25951278956585944 0.5205326002098275 0.22719836545359323 0.20208102005350081 0.6610739703792501 0.27801550220103904 0.7140196485725514 0.8746518162868624 0.09594825782754123 0.0 0.20811981633722051 0.21424614878418333 0.36619735234537243 0.7508494509863901 0.6694522006155065 0.7762715677265993 0.4016179847501276 0.7088164684513553 0.21850797722441756 0.5011070642502247 0.5169337366182407 0.16015680794043347 0.16585879993256733 0.4031529395863182 
0.3285414657450088 0.21368054560372546 0.6843072283836433 0.4350263380945065 0.2940337112053443 0.8368087826815572 0.25102856762811815 0.9040181291508439 1.0626308523379606 0.30360137562483247 0.20811981633722051 0.0 0.09249704064615587 0.49741704292773337 0.908562248546306 0.8646279387032493 0.9422698999526098 0.6038838114267645 0.7336833837228128 0.06446389104447521 0.675062644938655 0.666292034186274 0.3431296079724398 0.20633681222991326 0.6065187366600321 
0.36632720872841706 0.12184140456948868 0.627167911487239 0.4340264476075581 0.35468662472137097 0.7842636162921469 0.15968768414232792 0.8612778026923847 1.016923002816755 0.3067824044944307 0.21424614878418333 0.09249704064615587 0.0 0.4309749669563342 0.8454983576088758 0.8272295738811752 0.8830435626578236 0.6143338736229284 0.6417873879785853 0.15655987432308763 0.6237907158965642 0.6026768118846139 0.3114678784739104 0.2734354816872474 0.5831843601510242 
0.4754209966076461 0.3451616264791481 0.20589715630252384 0.34687713642053997 0.5518089544586402 0.36728190303631914 0.31789396823198673 0.4663264847299817 0.6090399952110096 0.3445075472045863 0.36619735234537243 0.49741704292773337 0.4309749669563342 0.0 0.41467264732558495 0.45128367091967203 0.4543683391494384 0.49132512082536406 0.4260836875785842 0.5422315545703444 0.21942172673804036 0.17218457070307117 0.2220490834019434 0.5318793397584078 0.31208405311918286 
0.8086780130583503 0.7565379306911965 0.2305601004275629 0.6288820881797572 0.9032129222852953 0.13981213238982815 0.7261038605849174 0.23668857465125065 0.2755287658684835 0.6966138411193927 0.7508494509863901 0.908562248546306 0.8454983576088758 0.41467264732558495 0.0 0.28789523841808506 0.06096615926029233 0.667807803789114 0.5690286718510422 0.9486079996068826 0.2587290446291868 0.24287079788998794 0.5909175649617842 0.9083327080710589 0.4528471248046984 
0.6664834591843359 0.7735077422539579 0.2657568421944467 0.47931035366127744 0.7673177146203153 0.15931710779919692 0.753975739337241 0.06645459471109856 0.21574190004122293 0.5883574575880961 0.6694522006155065 0.8646279387032493 0.8272295738811752 0.45128367091967203 0.28789523841808506 0.0 0.25294068654470364 0.44427374502811406 0.773758531780787 0.8870416465574835 0.23408149168123532 0.3270717569632974 0.5215519651375532 0.79940037328415 0.27626223866107014 
0.8224283256233905 0.7988945351851722 0.25817433810121976 0.6386757532065686 0.9191565866253699 0.1285568153866552 0.769822456560945 0.19446381465964424 0.2148504176865691 0.7160938088657816 0.7762715677265993 0.9422698999526098 0.8830435626578236 0.4543683391494384 0.06096615926029233 0.25294068654470364 0.0 0.6603086100010553 0.6298439120887881 0.979491086449826 0.2761650846749166 0.282612495675923 0.6161807814216846 0.9299071195355086 0.45229514085199646 
0.29826197818388356 0.6298954041336219 0.48219313805966596 0.18652625094006633 0.38868278058973244 0.5329380274125584 0.6331425588736428 0.5088949088920287 0.655143023650495 0.30755319659915265 0.4016179847501276 0.6038838114267645 0.6143338736229284 0.49132512082536406 0.667807803789114 0.44427374502811406 0.6603086100010553 0.0 0.9174069424164122 0.5955535306797033 0.43359401786287055 0.5253310988013015 0.3494568123307848 0.4538053540419343 0.2208709807521316 
0.85833584867853 0.5200447542126824 0.5174245614277414 0.7653279063362568 0.9108971154468882 0.6286809459759422 0.48272597239718973 0.7555823011746812 0.8421874022515032 0.7288414694155304 0.7088164684513553 0.7336833837228128 0.6417873879785853 0.4260836875785842 0.5690286718510422 0.773758531780787 0.6298439120887881 0.9174069424164122 0.0 0.7962736033951778 0.5631024934449437 0.45423653489296884 0.6144410729705463 0.861381187817752 0.728076284126466 
0.3066272961254566 0.27677624695372177 0.7213888717471086 0.4379900048154746 0.25466127058901367 0.8698315912450311 0.31361069663071284 0.9299118762034305 1.0899187903918548 0.30864320392031963 0.21850797722441756 0.06446389104447521 0.15655987432308763 0.5422315545703444 0.9486079996068826 0.8870416465574835 0.979491086449826 0.5955535306797033 0.7962736033951778 0.0 0.7082512922957528 0.7078767991023687 0.36932450972965497 0.16554728830154278 0.621569001602087 
0.5499770773301622 0.5547620790331937 0.05145253567967578 0.37108299750027307 0.6450003510140068 0.1617845172456068 0.5313979771099338 0.24721934107322896 0.39508455579954 0.44015739202607723 0.5011070642502247 0.675062644938655 0.6237907158965642 0.21942172673804036 0.2587290446291868 0.23408149168123532 0.2761650846749166 0.43359401786287055 0.5631024934449437 0.7082512922957528 0.0 0.11045083211590456 0.34142050401384005 0.6537473387204386 0.21277023863666086 
0.5962182200933958 0.5162822011221054 0.0632794343469374 0.4325371056130729 0.6843709043545071 0.20798962846164817 0.48744702622114366 0.32357898454593603 0.45039330102395003 0.47393700807945033 0.5169337366182407 0.666292034186274 0.6026768118846139 0.17218457070307117 0.24287079788998794 0.3270717569632974 0.282612495675923 0.5253310988013015 0.45423653489296884 0.7078767991023687 0.11045083211590456 0.0 0.3594405991723632 0.6789636615321429 0.30834997605383857 
0.25415518951484556 0.2904081366964701 0.36048042024495486 0.16673600332393748 0.3306021012346014 0.5020856804413397 0.2876005186082845 0.5614941360812593 0.7209501320728896 0.12256562962952608 0.16015680794043347 0.3431296079724398 0.3114678784739104 0.2220490834019434 0.5909175649617842 0.5215519651375532 0.6161807814216846 0.3494568123307848 0.6144410729705463 0.36932450972965497 0.34142050401384005 0.3594405991723632 0.0 0.3195455710544867 0.27209907754000123 
0.15562512435161957 0.36931736982791674 0.6778674627454989 0.3237997129083695 0.08919136141797479 0.8102494314632005 0.3987607401978299 0.8500371743303873 1.0110633268119986 0.21492092325608683 0.16585879993256733 0.20633681222991326 0.2734354816872474 0.5318793397584078 0.9083327080710589 0.79940037328415 0.9299071195355086 0.4538053540419343 0.861381187817752 0.16554728830154278 0.6537473387204386 0.6789636615321429 0.3195455710544867 0.0 0.5240700645803131 
0.39068732613896784 0.5549158173718568 0.26186060900662944 0.20309895887287638 0.49139756882955005 0.32375576414372115 0.5448906449842422 0.33112412168342703 0.4905895415846942 0.3161815000751404 0.4031529395863182 0.6065187366600321 0.5831843601510242 0.31208405311918286 0.4528471248046984 0.27626223866107014 0.45229514085199646 0.2208709807521316 0.728076284126466 0.621569001602087 0.21277023863666086 0.30834997605383857 0.27209907754000123 0.5240700645803131 0.0 
