0 6933 4829 15080 15301 5872 19359 19267 7638 15889 1027 15218 16553 9893 11891 5346 8823 6710 9345 12210 8664 9280 357 19380 14412 
15758 0 17670 8820 7854 12736 1522 8694 17983 1849 15802 15363 6611 13685 18489 13831 4536 6258 2825 12016 3857 9190 7860 5951 4537 
19317 4865 0 5393 1484 18624 19523 12294 2163 11176 8951 18221 4171 2178 17254 11021 17198 9324 3672 15933 4473 4278 13353 1775 5039 
10431 2327 19026 0 108 12001 15500 3282 4261 19099 9294 14991 15408 3553 9042 14322 6190 11090 15293 8654 3888 6897 2922 19402 5952 
3626 12264 14761 13876 0 13610 12431 5448 19431 319 3568 1616 4170 18043 17018 863 15607 3327 10184 19629 1666 16857 16328 13253 18713 
10301 18652 13569 17915 9029 0 12694 7180 19677 18705 1413 2384 6552 1386 13280 8244 1289 5098 5299 15382 8574 9767 10070 4831 6559 
11934 8834 18634 17386 10867 920 0 3868 4710 19476 14075 10400 604 4864 19866 1885 14262 5403 3694 9423 537 13893 9893 17742 7657 
19670 18986 4914 318 6445 16369 18332 0 6893 7219 19529 2053 7644 2782 4355 13586 4590 16112 10189 1836 13053 1427 7973 2124 9978 
13657 6163 19105 4712 11827 5061 13860 4229 0 18114 11786 7569 6672 3251 15301 909 14606 18561 13782 5670 12518 5006 5023 13105 1869 
490 14684 2093 11399 18061 6903 19476 405 19709 0 17097 4778 8362 3133 7743 1989 15516 12149 14544 2239 5971 15341 2536 12901 7342 
12119 9569 11031 19136 479 18036 12049 15850 16628 4805 0 8182 128 13007 14014 5392 6356 18315 17729 12437 15722 829 15420 11146 26 
14587 14781 3121 3423 6940 13645 4840 18815 5543 5566 10457 0 18727 3007 90 19612 19292 18247 2842 16177 10370 14989 242 3079 14805 
19946 18991 8238 5529 5843 1466 17112 10442 7793 14676 18483 11907 0 5416 12710 11838 240 7680 391 17068 8673 2597 19325 10201 1092 
19721 16615 2486 3201 19796 1217 4406 2810 12999 3247 11020 15572 14842 0 7507 10583 18791 17140 14059 14442 17772 371 5937 12990 6750 
3280 16841 19803 19559 15787 10195 14083 13956 12034 4962 10123 17946 11860 13376 0 11790 6441 11007 11035 9824 12246 13066 785 10309 6629 
9465 18401 3724 11641 7716 273 15761 8833 2706 11129 3436 7225 976 13322 13028 0 7078 3741 8230 19973 5475 10842 15078 5095 14706 
4838 12802 6412 5096 12161 16523 1240 208 16529 11798 19440 4209 18757 7015 5387 8748 0 16638 7123 13598 9815 18761 370 955 3815 
6924 3762 7062 6509 3213 12713 13525 8474 19910 5647 2789 6378 13007 5287 17673 10657 3472 0 14961 13852 7047 14274 10426 19265 1957 
15779 15584 6795 9828 17268 3897 9573 4362 8146 6384 1831 14918 18836 11819 12520 4404 18392 15054 0 13719 15598 13555 5349 11394 19156 
2272 8204 2145 18399 3608 1347 6349 3546 15569 18406 5430 1171 2479 12229 19030 13428 4412 13896 16401 0 6022 12547 13195 5647 3869 
6415 1634 4247 9074 1655 50 4822 7112 10198 19433 11194 13986 8738 15812 11544 19657 5882 17852 17820 1205 0 13570 9315 13555 12912 
4122 17558 15845 9892 10737 14011 11499 6882 6278 12863 12218 14478 12890 165 9157 11336 13273 17136 13336 2805 13363 0 18658 5103 3907 
5741 10794 3217 7802 3239 19596 2103 19579 13033 17580 14455 9650 2938 13926 15586 11023 13654 19818 15795 10391 13408 11265 0 7521 4217 
14724 8365 5138 7930 16990 12142 17019 18818 3023 7949 1826 1392 3041 17864 4000 7737 5210 3607 17016 4773 18399 6198 7232 0 15363 
19799 18917 5981 10853 7753 6080 3103 18897 8447 1732 11167 12313 14008 9552 16420 2241 19163 18120 9828 12013 13719 4128 19585 16908 0 
