0 18909 16267 3978 6493 660 4679 12808 18113 11166 2432 14878 4950 19951 10060 14490 4413 642 10318 19683 14165 12047 13544 18980 3456 
10067 0 15044 12370 6665 6118 8966 672 15468 17328 15898 14773 19150 3913 19921 14259 11384 19966 14911 3506 6165 15291 9611 2615 5628 
17996 16284 0 10374 18103 212 8783 6946 16064 2606 2380 5104 10469 7299 19957 10548 572 3332 6986 14217 16374 4015 1143 12502 4692 
11274 11545 14866 0 19200 18564 17257 12622 19805 940 15057 7486 7404 18574 12440 14000 16288 18291 13359 16059 18396 16643 1477 14463 1111 
7563 8484 9849 3459 0 17841 3519 3276 14317 14455 13805 5408 10656 9220 6320 4424 3843 8250 5657 12705 7681 16440 14178 12785 3140 
10444 17157 14191 11607 17558 0 17804 14545 1035 2482 14912 10631 17477 9090 9296 8160 18295 10156 4317 12537 2705 4396 10440 7212 10348 
7250 14160 1026 9227 9485 7541 0 11476 604 6022 16224 6926 10361 6307 10969 17525 13841 7082 590 1969 14329 18620 2653 5215 4104 
6258 12352 891 1393 501 19691 1358 0 16567 1026 444 18269 16563 12581 7311 6932 7815 4074 14275 8927 4814 16089 19366 19136 14002 
16590 8883 5729 793 19776 9570 4632 1329 0 18839 4316 13602 9938 19796 1691 5302 18304 626 9920 3602 2989 17629 11880 2838 14231 
19195 9274 15866 10822 6123 1363 13500 13390 17176 0 6436 5260 11579 18722 2686 9374 19345 18127 19231 8571 7031 1975 7714 7449 8854 
2268 10274 17058 10134 16392 10603 12846 19812 9984 11428 0 3191 10736 15727 3923 7529 2703 5662 2410 15410 11376 19777 11167 823 9991 
19456 9233 19738 10137 753 3811 3065 2926 9552 13204 12057 0 12512 8325 16169 8726 194 12502 6172 9897 19212 3404 16210 317 17890 
14225 12725 17550 1904 15743 15565 9420 15244 19230 5052 3347 3799 0 5441 6914 16170 5566 662 1160 12924 7063 13411 1962 13506 16864 
18731 2155 7297 14003 10919 8204 7533 11578 107 9295 19588 13968 3240 0 7685 10316 19895 15869 6507 9219 12933 7530 5954 6433 6087 
574 19080 17407 7715 9989 4421 19617 12338 24 4233 12787 11765 12387 14315 0 10819 9497 321 14267 994 4502 3034 15445 4011 9228 
15778 17987 17020 1134 12276 7975 1066 16993 18265 11129 4200 4926 17588 10411 12040 0 10336 15571 11456 8622 8856 8350 1999 12182 11906 
11360 19259 2815 18625 5375 12742 2000 11693 4295 8948 17533 13973 15280 9245 11719 17905 0 8919 2441 5462 10238 4759 9578 16448 956 
5851 54 5679 7136 4861 5365 13388 18 13899 9602 2700 16693 324 14314 17420 6583 1652 0 19393 18925 7301 4068 11371 16375 4484 
1131 5848 4332 5830 1907 11715 12350 10853 11087 11427 12231 4770 17567 3794 361 7427 2508 13571 0 14912 6344 13086 15603 691 16706 
3930 10365 18015 547 4676 2410 6244 2363 9120 13631 17454 19064 19121 9130 11239 18411 14709 5133 7714 0 12027 788 5550 12570 16534 
354 16629 15353 19553 4344 17620 163 6067 9020 19435 16549 15019 13232 2986 17656 6067 9932 14245 2495 2040 0 9009 4001 19733 13924 
11806 16877 1498 12083 1604 16393 17430 19969 18914 664 11584 14682 15589 16804 7759 2540 7576 1188 2465 17209 12536 0 17398 8960 2941 
5647 14069 10663 16146 14530 747 7723 4765 2586 1498 16656 6817 18931 13193 9696 7024 2674 8226 17841 3531 19454 19892 0 9621 5545 
18972 12714 16163 7088 13643 9739 2413 2076 10587 4136 4227 1606 1823 3386 1512 5567 10831 957 18735 7618 7609 2542 15853 0 15072 
18843 11768 15057 3387 15044 3775 1754 18722 12263 4094 1776 11409 2445 5006 11077 8234 3524 11875 19037 12034 18041 17901 1966 13398 0 
