0 10533 2295 6947 6522 17603 5594 2646 2125 15828 1092 9215 12012 16669 9616 1627 4198 13337 508 9035 3429 6726 16979 10738 7976 
19853 0 9711 12738 7441 7925 4885 13615 17853 16994 11902 2037 9739 10549 783 12467 19839 10474 9544 507 7810 6450 17820 4767 5520 
16211 4587 0 18321 8425 7960 15020 19485 16061 5825 14400 9066 1784 9385 5389 9195 731 9136 9111 17468 9278 11141 166 19377 9391 
16213 1052 1852 0 6818 11614 2398 1245 3405 6569 2029 176 10685 16831 8064 19433 14412 18065 9095 13446 17853 3003 17939 10863 5440 
13124 4554 5369 17742 0 12038 8402 16121 13786 4806 882 2039 17346 5088 14404 9676 133 10345 6279 514 6696 4208 2773 263 13349 
4708 11543 95 16617 17219 0 19089 17764 5428 11774 3985 15135 5708 5839 16309 7913 16015 15685 19073 13220 18534 2159 18362 1146 10988 
19975 5521 7530 1948 3560 16899 0 6943 4519 7038 4510 17231 11523 1127 4421 9961 19104 15509 8766 14699 5025 1655 11976 9324 2983 
18161 12178 3433 4903 8309 4626 7357 0 9425 7860 5667 15463 16729 10040 12896 19122 7317 4194 19 2093 15553 14805 3405 19079 17518 
18319 1358 16799 17120 6698 16877 6182 14435 0 18631 9998 14122 15906 12045 6745 13766 17257 4818 18348 13368 16928 4564 16536 15528 317 
2882 8587 959 13270 4647 19259 3947 17036 18715 0 15805 10251 6295 12861 6985 2461 16881 12786 7326 2656 10478 2732 3827 17738 19819 
3541 13897 18888 9835 2896 521 3359 17697 12079 13465 0 14168 17869 3696 13819 11248 17011 5687 13229 16216 18028 8301 18884 12181 2522 
2814 681 9848 6589 13425 7899 11684 6156 7056 19342 17019 0 4942 9730 13097 12677 10663 2737 9876 6138 13229 16976 17399 1160 2467 
9661 2310 9470 2277 14016 883 16298 13174 19612 10049 12473 5789 0 8700 16276 11210 14186 2180 1392 3884 19746 17769 11664 15808 13875 
12498 9252 383 964 11824 3650 18001 11767 18458 4782 4672 1776 5435 0 9130 4602 9199 9989 5618 793 2767 17486 8916 8256 888 
17974 14425 15499 10545 11809 1395 11728 16874 15393 8472 19537 12474 13220 9432 0 5872 9294 18248 5917 7640 5339 18995 8724 2609 3425 
8876 19519 1069 19897 10899 10792 9246 17468 9207 13478 1546 8244 17824 18843 15467 0 509 16552 4104 10374 5992 4124 19671 9305 3125 
19507 10012 11610 6161 3723 19828 3456 75 16531 2563 3088 6786 5073 19251 18232 9540 0 4804 12235 4137 19153 17040 561 12495 18357 
11915 11639 13820 8640 10800 17224 18905 7704 7978 884 18516 5116 17818 8784 4798 18691 749 0 5982 12676 4833 8990 16375 5033 2302 
1313 6011 1592 10785 5026 16709 18122 3158 12931 9730 19983 3479 13158 17741 1995 11525 625 7348 0 5251 19060 10238 4225 10700 3061 
4064 8162 9222 16771 17316 6349 18386 10709 1352 19750 17199 2665 15772 9670 1892 18230 16272 9434 8163 0 1555 78 9532 18262 9800 
6588 13717 14944 14133 7275 18189 18531 15146 15961 6387 8196 1225 8230 17822 4089 14650 17074 1000 12991 2122 0 10768 17665 16974 13904 
18537 8444 11878 18955 9745 18426 399 2139 13144 15279 13224 4055 4140 12232 10859 14001 10079 13572 8668 12256 6256 0 11271 8142 19125 
18621 17915 8511 5094 13093 3363 14560 8947 15959 10334 8880 18857 14981 17637 19750 15224 16665 18794 9491 13433 1547 8539 0 12349 19708 
6422 7 5828 3918 10097 11362 4895 19418 7579 2233 4584 1929 6491 7496 3260 16982 9113 8792 16179 18576 13577 2626 16958 0 10487 
18567 7977 3187 6056 7292 6044 11654 2295 18562 89 8507 19806 5467 4315 10193 11277 15439 17268 12087 8186 19455 7473 13492 17925 0 
