0 15806 19495 17686 807 15533 1771 8776 16044 18806 11181 1316 11015 10897 2803 16296 7993 1566 16402 18158 15754 7335 1650 427 7164 
18250 0 1669 10632 10854 14784 5208 17984 3664 18839 9370 13410 2404 1727 12003 8267 1028 11563 15708 5431 2428 2675 13864 14435 12847 
10444 3164 0 10960 1310 16411 6854 200 16466 10520 18199 13505 18902 89 4668 8177 8246 18334 9896 11426 1284 9265 12696 11209 9812 
10271 10238 9061 0 15121 18926 5943 13000 19752 16311 1738 2202 16571 5616 19038 19392 10226 11787 3114 1744 16699 15716 1508 6591 12924 
4712 8711 4334 10349 0 9970 16525 17702 3838 11269 2386 3861 431 19329 6348 3872 1298 17034 11546 2595 14562 12193 12634 11389 16721 
6505 12043 5818 16040 18131 0 4848 1050 2531 8527 19638 8771 16073 18150 14954 11144 6697 10181 8731 9745 19246 16599 1608 357 8359 
16723 4061 8142 19153 14786 12039 0 11947 13963 143 16074 11339 6169 11380 14838 5502 18398 3931 15675 19176 14296 19678 1843 7620 553 
16618 9055 19903 19055 16818 2333 17828 0 7766 11682 18301 16413 3358 5019 17730 11082 8622 16384 18491 6585 13333 9916 10018 3162 18530 
17125 6981 6565 11032 6074 2065 10302 7564 0 13891 5578 10826 16000 4767 13081 19377 4989 1375 1313 7810 12639 4079 17379 9967 19953 
19341 16512 15011 5332 6430 19678 14654 2778 19820 0 3865 2296 8265 13591 5118 8840 16314 3714 7199 17319 1926 14260 7219 6450 11806 
4375 13666 11840 13205 4300 1965 2829 8724 756 8029 0 12779 1068 4690 1229 11162 3017 7692 4775 6841 14753 7289 3740 3757 13236 
15911 18737 12528 16432 3473 6789 14501 18983 19324 19934 18382 0 5310 15744 6885 3836 11139 12212 3342 11271 5100 17366 2558 12567 18323 
3840 9287 3553 1826 10124 17518 15843 19037 3124 15162 12951 3921 0 15277 7367 13628 13950 10892 4189 13958 1562 17781 18072 18999 17766 
2339 1904 4610 7190 8863 9397 10598 15147 7241 16089 17440 4189 17029 0 1507 553 10127 522 840 8464 15654 2573 7931 14224 3473 
730 10486 3002 10213 15675 3104 3066 17460 19019 14052 2179 6856 3158 17684 0 16972 12492 6211 5974 18931 5722 13993 19838 7399 5039 
10505 13767 17340 16796 18620 5719 17617 1335 3430 8353 14129 3470 2162 7322 1409 0 6293 16597 7752 6142 2925 16625 10928 16540 12087 
16857 9828 12644 10280 2146 4337 4341 15861 12412 14810 6264 18469 12367 16100 11719 1006 0 7481 3279 11406 10787 4035 14937 16928 1473 
8084 332 13963 8078 15875 2568 5434 13565 6540 1615 11161 17495 6838 18132 7190 4658 17229 0 1943 15357 14803 8789 17428 11666 13324 
1226 12201 10620 17173 13724 15149 1941 279 2367 15222 5925 8406 579 3341 14206 14636 2326 16367 0 13794 3575 11725 4271 13994 4900 
7294 9490 8195 4990 14217 912 5464 9168 3821 3994 548 6487 5880 13256 15077 3978 6412 3694 17650 0 7961 11308 13644 15979 16266 
4446 13175 10352 7107 17848 19331 4439 7885 1006 12355 6826 326 6668 5477 4637 7134 1188 4959 9229 9745 0 18956 6770 3174 6756 
12477 11599 17618 18302 2359 896 19587 12852 4754 3172 9917 19858 7716 12038 4237 14168 2530 15268 11791 16271 11178 0 17627 19866 6212 
6975 9311 15228 18412 1787 6530 8171 9643 10314 11105 9687 13050 19593 1902 7720 7394 10181 2524 14609 2572 14389 6873 0 14529 9984 
16509 7020 7145 9495 139 16309 1637 3460 8513 14665 3911 2714 5176 2815 19006 19436 4378 17434 613 7436 3262 10216 71 0 11678 
11198 10422 18355 5775 15558 12690 6271 8676 7763 19701 10474 19930 18621 2776 5884 16680 17772 2530 8710 14927 18474 16456 8505 12630 0 
