0 11617 11144 17492 8415 3321 13710 17396 15099 5166 8635 12548 4365 7822 9893 18553 11247 16145 16213 8194 1475 1628 14157 19489 12983 
15637 0 2390 7017 2406 17610 1606 4780 3623 3184 18683 7440 9795 8652 3289 6032 10366 189 10566 14103 10153 8988 4409 10745 8889 
6705 2485 0 8046 6527 9591 16325 2288 2069 14191 17645 10540 11895 2694 5545 7292 7281 11819 18261 19398 229 15523 7916 11825 11723 
8903 16987 1574 0 17194 18312 1213 12632 224 1024 15216 10897 17429 16697 14330 14815 4983 12449 8966 4760 362 3537 16283 12242 11703 
12395 8045 18592 1518 0 10277 13213 12039 1560 7737 19196 1948 1266 2896 6604 9478 13467 19731 8945 5031 17966 12543 10925 4598 16088 
17328 6822 9487 17462 15927 0 13874 16880 4053 4658 14697 2302 15877 5540 7462 19316 17820 5268 12896 16616 17663 14800 3104 18183 11650 
10680 18832 8291 15861 8179 8952 0 9863 19142 5864 18830 2070 6521 11403 12649 11036 10776 9186 18870 6130 14239 1801 17724 3565 2928 
9422 4929 18887 10755 3875 6821 418 0 2799 7411 8644 16855 13579 181 9965 3929 18717 14926 18994 17412 16589 12588 1081 12760 10272 
8345 5694 15269 9552 13996 10947 18862 17716 0 19685 5017 16512 8533 15595 9808 773 15107 12603 3745 19001 4127 19740 17836 4600 16633 
15918 1941 12990 19486 13517 6648 8972 10571 12243 0 262 775 15083 3091 81 15338 343 4306 2503 19203 2165 13892 7434 9906 17112 
6536 9080 13877 11856 6740 7373 8562 13375 14488 2158 0 18879 11862 4973 5697 1099 12012 9693 8119 832 7715 12660 15192 16083 10230 
2510 8081 11149 10539 8982 10742 12679 2871 544 12168 15274 0 18260 8843 17928 10777 14527 15235 18237 12766 2237 4815 18308 15726 14917 
4166 755 7028 16253 10472 19576 19030 16979 11697 544 8540 9823 0 10201 3810 1310 2140 15473 11088 391 12776 5568 12016 8878 2193 
11416 2104 19971 3059 13315 8153 240 12265 14749 6085 15618 14718 15069 0 10869 3859 14302 19657 18517 2083 8008 3839 6124 13513 15543 
5140 7468 3608 8588 17377 18926 12562 11423 19653 13266 18468 7754 13486 7365 0 3468 7372 2101 3946 3798 656 7350 7163 3884 18944 
1772 17194 4525 4464 15966 19929 15644 14752 4787 4472 15253 3425 19752 3332 17986 0 11640 19641 18042 8906 12771 16415 6398 1332 16562 
19411 6578 10971 18430 7153 18121 2952 14613 3224 10080 3168 14488 270 2601 10846 7665 0 4540 9789 5374 5363 2282 18910 7159 13066 
18852 13806 9623 4643 11597 8890 7482 16847 8357 4116 5021 7529 14836 1085 17337 901 6203 0 15729 17394 18855 10883 4008 12193 8577 
7866 3624 12507 3626 12741 6949 12342 18147 2245 18224 16671 12027 2265 11528 8952 18600 59 15080 0 13578 15862 17862 2194 2631 7214 
2115 9477 1178 18371 222 8872 835 13357 15028 11681 17444 4386 6172 19965 5436 17978 6972 3493 8833 0 2763 5721 8909 6795 3231 
1039 1857 291 18063 2374 2493 5645 11694 8785 190 10615 13421 1810 4132 9142 19626 11546 3154 2006 11564 0 18970 10314 12382 13731 
2086 15575 17641 5920 18670 3408 1732 5865 4176 11196 6095 18791 9788 9053 1297 5147 12669 11990 16434 8522 18117 0 11311 8849 11930 
1650 13719 12811 12630 7962 3805 12551 3080 13246 18442 2401 18848 7554 35 4798 3016 4666 19693 15482 1029 18363 11077 0 14510 19971 
16056 11006 1517 1870 13386 3875 4199 11920 6738 13514 10043 9406 14489 18316 3140 11623 12425 3310 10206 19230 3879 6301 12982 0 5260 
976 4279 7771 19387 9794 1017 7106 4076 9280 17101 3426 19896 11472 9597 10089 13520 8835 135 1222 13866 13490 7402 8571 9316 0 
