0 18990 212 5070 19390 7673 13798 1468 9391 18755 18657 4138 14916 11699 1863 12307 19451 17455 15392 12760 9585 17777 13820 15963 18785 
18864 0 17433 19394 11365 534 3476 5860 4511 17931 17381 8190 15583 9195 10522 5926 6937 19563 11352 4503 1190 10079 2754 2890 16057 
17344 10034 0 1792 19857 9706 1137 1231 16236 4804 3575 3710 9857 13600 10938 17128 3531 16778 6002 246 11690 867 7110 12737 5104 
3464 9871 1714 0 7397 19619 7141 17115 5178 4744 6867 19446 10519 13334 9566 5123 6991 17342 15033 6993 18663 13215 1353 10642 5199 
12410 18353 678 5606 0 16639 2351 15421 8188 6111 9379 3324 14921 16772 25 19887 14733 10777 10612 19986 2044 13418 12654 7255 14477 
19225 15332 19512 16765 191 0 4226 17250 6666 19808 13593 763 3081 8092 19203 10784 16604 4774 14071 7322 18360 10546 10383 11903 14273 
19517 17485 19521 18785 7 18045 0 18347 4581 5297 2272 17608 3014 11192 3595 17034 3680 13003 8244 14886 11023 11018 5901 5812 817 
10545 8913 4654 76 337 13531 7796 0 10161 11444 8190 9778 4779 17531 11096 9625 2075 17202 2169 8712 13169 19056 2896 19962 8261 
11037 11688 16809 15796 17002 2075 9567 261 0 5549 16379 6742 9743 18764 18488 19278 5743 11900 5906 16871 4546 18880 3488 7210 12038 
3094 9092 1365 1960 18138 14822 11526 11375 8919 0 6648 938 6527 10009 9860 10079 7270 5147 18191 18002 8904 19498 339 3283 6527 
4552 19271 5068 8891 4484 6839 11514 6289 2346 9099 0 238 10127 14634 16189 3390 10613 13585 14677 8600 3399 7958 10012 16241 16001 
5146 2055 13365 514 10095 17597 15116 10355 9842 10379 5566 0 5702 6400 11318 1637 14806 15251 9478 6152 16481 1918 7799 9035 2867 
4849 6653 19302 10956 9311 3019 4706 16361 14006 13401 796 3499 0 9827 14567 6596 2584 8448 7761 10256 15756 17389 9261 4757 2156 
17736 12987 1096 14948 870 19303 4402 2002 1366 18258 7009 16405 4650 0 15213 11779 12932 10045 12121 8814 12299 12517 8712 9195 16259 
9739 4374 10493 13513 5001 3778 10528 8917 1063 17087 18249 16622 5211 19063 0 13536 1534 11586 10473 1411 12914 13264 9888 10312 8897 
3647 14308 19010 1424 14368 3011 2193 17286 5236 593 866 12923 10657 2372 10475 0 18109 16539 18183 16996 16816 11835 9017 19233 2307 
9712 15063 14190 7913 4726 3410 11598 14967 4470 18990 3571 15005 6796 3327 5813 14614 0 7063 12197 7971 18223 13730 15551 2386 6615 
5223 866 2951 7115 16138 4544 18681 5166 16655 5068 10293 16396 5479 6329 12270 3305 13650 0 19875 7791 1340 14262 768 19371 15406 
11409 3357 4173 19740 627 439 19707 1608 12635 12144 12974 12420 12354 19322 4109 8636 5995 10286 0 4200 19223 10415 9498 6187 6452 
1014 2085 17601 12449 17105 19050 4417 5215 6982 4624 6383 14690 18871 9390 5938 1980 8456 686 5192 0 13007 18885 15197 8426 11594 
14935 17769 1194 6416 19459 15179 1338 1253 7281 3893 12080 8624 19372 6862 12883 13164 8469 15918 19824 12979 0 16185 3605 14027 4762 
11244 1057 14018 11572 8632 17040 15871 948 257 17304 3630 5465 19151 13160 1728 17785 11269 3467 980 7979 1652 0 15228 225 2115 
14989 14518 6799 8004 4571 11739 10763 16556 18134 2959 10172 5283 4328 12618 17655 4314 19284 11907 2204 14627 9228 1869 0 14279 13278 
2109 10603 7241 1001 18906 19870 3569 3851 13555 8048 466 12456 9394 13520 6173 9954 19551 5467 5695 2835 18873 17452 12604 0 7684 
15831 13305 12223 1225 14203 14488 722 11048 16445 3463 14515 10101 3303 8572 4855 19249 7526 12463 3600 19118 3465 8360 7915 4972 0 
