0 7356 17329 9522 11180 7479 4369 3514 5995 12058 7881 15880 14078 8268 368 10670 7608 12137 13890 3440 2009 11253 15213 10716 776 
4885 0 17850 12046 13982 14184 19601 7654 7935 18464 10785 5817 307 17467 553 15815 7611 4087 16534 14693 21 17174 6468 19031 2314 
9877 9633 0 6561 19110 15381 10506 16686 17584 18960 17495 13823 11495 12930 5489 2996 16640 19404 2585 3201 9713 14669 8536 10809 100 
18545 5311 2635 0 17272 2277 18621 16297 5200 19313 13310 4087 19617 14725 15276 5834 3988 1110 7855 6080 15656 1465 11619 11402 4938 
12828 3067 4804 16820 0 18426 19933 5857 7427 10590 18653 7619 5583 1895 12981 14370 3548 17784 11853 7776 10420 345 9269 3387 6697 
9972 19323 4187 19143 9318 0 15463 13424 11390 12249 4631 15080 17562 19414 4154 7028 13770 1639 12091 19352 5442 12476 10179 8235 7242 
12090 12629 4465 6698 6050 13706 0 14853 12715 4667 12380 4692 15775 11195 3274 9895 7872 10497 19729 18569 7185 13721 17006 3491 4945 
19070 11488 19355 136 13936 5181 1608 0 11443 9454 3924 17342 15212 4977 2389 2910 13276 7007 19331 17841 5063 14802 2450 10074 4746 
13174 3856 3672 6047 1929 14316 6908 14833 0 932 17276 15979 2793 19987 2156 17581 4260 13475 436 12214 2617 11176 17820 9304 12765 
8705 11044 5101 1764 13689 18893 4795 1040 17117 0 3535 11420 10418 13198 10537 15833 16803 5650 13695 4431 8435 13470 14334 14261 19434 
5087 13761 8776 8751 6189 12310 1743 2642 3574 8690 0 1671 10431 5072 19378 4604 19624 13846 9307 9240 8284 14350 2368 5100 143 
6732 3031 11789 11030 6687 8873 5424 14005 8517 7882 16882 0 4946 10634 14095 5789 375 4745 478 4012 4961 12672 18913 2911 7382 
18032 13718 9728 145 3944 17361 223 11478 12477 4851 7022 5543 0 6733 16722 6149 10997 2238 19655 17812 17320 785 18448 1756 13358 
6863 3397 2357 13148 14542 13104 4130 390 944 14307 14419 4815 11366 0 7539 16791 1204 10683 249 16010 14986 5828 7484 3470 7083 
14932 4301 10546 15084 10158 3794 6602 7841 13302 9951 18237 6233 15903 15516 0 16826 14093 8913 1598 2553 10226 905 8004 4855 14907 
18352 1075 1565 2468 16652 9278 12019 5273 6441 5892 3027 3841 16089 12820 826 0 2856 8370 19900 6999 13455 6973 37 11857 18480 
6783 12084 4846 9226 840 559 18332 9794 16396 4181 8446 8245 12670 13602 14667 12577 0 13729 12838 8439 3886 11317 18592 359 9139 
14514 16995 5324 1604 5800 8244 5521 18257 6374 6215 2262 383 17518 2311 9394 16114 9349 0 10656 13386 11776 13471 5201 8173 2693 
1836 18380 6467 13507 567 15666 13462 13061 14527 10720 3746 19567 6096 1762 7698 18026 19936 11392 0 9779 13780 14437 19291 7864 3590 
10070 10062 104 18767 15096 16924 13827 3672 19834 6073 9575 17285 2133 16201 2619 5550 18760 3029 4176 0 7884 10065 19631 14997 12462 
18607 9948 5162 1823 16330 5067 5610 12837 9448 9677 19329 13225 5374 9590 13094 10603 1790 276 14269 19399 0 14457 11075 11431 16018 
17322 82 2416 13293 6240 666 8901 1483 15868 12142 2729 15036 18244 4354 5940 11795 11117 8730 13818 14511 4247 0 16853 8256 3283 
12716 1643 17372 1920 7712 15993 16512 11287 17293 8986 15683 8286 12311 10824 18907 10433 16001 14143 12121 2865 19625 1628 0 17997 17149 
11153 17641 8376 19387 9110 15062 8065 8892 19529 7608 17289 8117 387 2608 4381 19514 4926 19534 15124 15659 2958 15563 10675 0 15251 
7548 1022 2077 19477 3399 14743 16151 761 2790 2257 4874 9067 5138 18126 18376 9674 7009 17875 280 10756 865 14628 13360 19118 0 
