0 6469 7629 20036 4690 6194 11688 2243 8857 7248 3559 9221 10099 22866 3388
6469 0 12999 13692 3322 5576 3878 3202 6699 4198 2454 7975 1186 7443 1162
7629 12999 0 35135 5956 14121 5951 5768 16578 4242 3365 22254 1841 23665 6517
20036 13692 35135 0 19094 35119 21423 27342 51341 15826 28537 65387 12980 44097 51525
4690 3322 5956 19094 0 7284 3102 1562 7180 1917 2253 5951 1890 7097 2009
6194 5576 14121 35119 7284 0 5023 3512 10419 3543 2752 14412 2043 15642 5014
11688 3878 5951 21423 3102 5023 0 11557 6479 34261 10134 27350 6929 7961 4678
2243 3202 5768 27342 1562 3512 11557 0 5615 7095 10753 30362 1783 3437 8897
8857 6699 16578 51341 7180 10419 6479 5615 0 4448 5076 22463 4783 24609 9969
7248 4198 4242 15826 1917 3543 34261 7095 4448 0 4370 17267 3929 8602 2753
3559 2454 3365 28537 2253 2752 10134 10753 5076 4370 0 15287 3083 4092 7701
9221 7975 22254 65387 5951 14412 27350 30362 22463 17267 15287 0 5454 15011 17714
10099 1186 1841 12980 1890 2043 6929 1783 4783 3929 3083 5454 0 3251 1126
22866 7443 23665 44097 7097 15642 7961 3437 24609 8602 4092 15011 3251 0 5550
3388 1162 6517 51525 2009 5014 4678 8897 9969 2753 7701 17714 1126 5550 0
