0 19712 9587 1240 2304 6350 9479 15314 3890 4737 17831 5874 17394 18087 13183 12123 4318 18491 8704 13138 
13069 0 1288 5757 421 4617 3555 4345 7128 1227 15482 9348 12325 8124 13363 15352 12628 18326 15962 14812 
10716 19443 0 12246 14409 10459 17887 7760 2669 11767 724 9371 8269 4796 8311 13700 2925 12754 11901 3192 
15348 5314 19537 0 5669 13501 519 10891 18076 1190 12066 7038 13251 2057 985 14778 19724 9081 15986 6696 
8851 961 15118 7999 0 1051 8070 12901 19047 13476 10172 11712 8533 15133 5660 13948 6432 12282 7815 12407 
8133 16901 17446 279 11554 0 14052 13193 9314 7597 188 10952 14957 10962 13739 12015 643 13094 1791 5943 
9922 1988 2197 18608 14736 4579 0 9179 18470 10921 6629 12281 14864 17868 12287 13492 920 8300 920 15404 
10709 6244 2348 14468 15332 6533 3279 0 7743 15835 7546 17509 8943 2250 10399 378 10195 17480 2446 4013 
19560 12369 10673 14021 11247 4018 1467 618 0 5329 13251 17251 17562 6891 19113 17578 10795 685 8370 12569 
15384 16727 16220 19919 4104 14671 10751 3233 3937 0 395 8180 19054 17783 6902 18472 12731 17863 3474 11696 
19119 14539 1939 4294 3131 9726 6994 11432 17287 17586 0 8716 16683 18648 16851 19693 13524 15914 8923 16671 
14489 8970 13796 17171 3248 17770 1877 5205 2552 15245 13970 0 17073 6624 19747 3926 8120 497 6603 8919 
4440 719 5425 10819 19674 1981 117 18782 6380 2410 1892 18005 0 13899 6663 2082 12445 189 10376 11216 
391 13811 12167 13519 904 4061 89 11944 16434 12163 18283 7775 12349 0 4545 16556 11032 17603 10375 700 
13124 2497 19863 14599 11589 9203 7288 16514 18259 18674 3253 1412 6831 13595 0 14380 8788 3551 1165 15468 
1187 15630 11818 19077 2427 5985 10368 566 6557 52 4633 2814 8631 10651 13227 0 4147 6628 10278 18997 
5475 197 6689 7507 18158 6361 7289 10996 12859 4930 10566 7388 1427 17083 18716 1242 0 8807 9435 4591 
18913 10047 2872 8238 3750 18637 10544 3549 18804 16770 12602 3923 14316 15522 16662 7343 15155 0 3534 12394 
15901 9411 6461 6279 2550 13527 16276 18262 18763 11601 19462 15923 753 16949 16164 13693 19064 2509 0 18612 
14822 6572 13353 6395 1950 13344 9350 18639 8537 13265 8946 18694 7850 7031 16028 15629 18821 8787 11050 0 
