0 16897 16428 796 9162 14341 18464 419 3497 12424 3422 5791 8363 8518 3256 3534 18950 14967 7151 8959 
6910 0 5954 7458 7298 18722 5795 12037 12878 913 8463 8550 1841 14891 10560 2658 554 16997 5549 6494 
1441 493 0 5709 6415 10762 5287 10142 9746 8694 18551 2059 19080 1138 14738 16671 9658 4733 17086 12174 
10486 11878 4331 0 657 13019 10888 16131 13192 12628 7954 8652 3933 7528 12181 17749 1737 17431 2737 1369 
14654 19933 18042 15093 0 2552 16464 10902 5112 16223 11631 639 1503 17509 19859 3529 1298 4287 1473 16211 
5665 6621 16698 3270 18379 0 15926 10547 19797 3847 17702 4136 2488 2069 198 8715 8751 5231 6321 17534 
12243 16029 4159 7648 15433 11343 0 12683 18848 15031 6558 13513 10143 14464 15617 7076 5559 19160 9775 12027 
10484 14940 14092 541 7405 17651 4835 0 8851 5599 12996 3263 2382 3166 19556 1673 7888 1805 5105 6107 
11176 14793 6589 16812 18350 6876 7508 12289 0 10910 1120 12953 15724 10642 2227 12165 3572 8899 18453 11259 
5292 6714 14957 14612 448 17108 267 12426 4861 0 19027 14535 14124 10992 3544 13315 12450 9406 17264 3883 
11568 7974 5326 12381 3935 3336 6937 19627 15337 5232 0 106 964 15281 8436 9017 1277 10756 9319 17457 
10151 5413 14484 14750 14106 13356 7453 16884 12945 6937 6032 0 14771 15493 11398 17775 4092 16313 15634 3891 
6681 19498 8046 12932 2148 18219 9155 4821 10213 19420 18566 13001 0 19191 1917 2834 7946 4136 13128 2966 
8776 19315 4748 15487 1407 4035 911 19436 1422 8271 3738 3105 7780 0 5098 10622 9013 9522 10642 5227 
3323 11755 19074 9871 6823 19531 104 10828 18553 18608 19515 10057 334 639 0 9442 16956 10681 16975 14462 
11968 19969 10083 11941 10207 5216 4446 10711 7752 12502 19903 10805 5850 7766 19490 0 18793 18996 12608 1168 
18239 1694 760 8231 12815 15696 12962 6682 10838 4595 13285 19594 4304 5876 18288 18189 0 12916 11881 1929 
7324 14193 10620 13733 9095 4428 14937 5540 2410 12078 4293 2965 18715 15113 17245 1764 4411 0 16913 4704 
16387 19071 11508 4117 18279 5225 18252 2982 14855 243 8472 6405 16591 3785 2210 7934 19286 5301 0 1851 
5447 11312 15228 11252 4646 1560 10832 3939 11514 12772 3028 11979 12093 17088 14067 8368 13024 5898 7628 0 
