0 15519 3705 15428 14982 3936 17125 19178 9185 8120 4165 1901 11655 7152 11541 10996 17786 15000 17821 11864 
367 0 19274 7560 3409 17874 14353 17588 15538 10349 6719 17986 16435 9130 15955 4767 6964 7738 13481 13895 
12342 10380 0 12994 16956 17092 11817 11445 7701 8278 7761 17524 15590 14180 8482 15753 7616 10782 9996 18656 
2884 16878 6956 0 16868 5766 10044 9307 7654 2944 10402 10779 5972 7235 16831 11472 19047 6809 1169 19060 
15345 12296 9944 3542 0 1929 6186 10310 19039 353 9098 7118 12740 559 5652 11424 15951 14708 19073 17241 
15049 8421 8091 2986 11221 0 15609 2334 16792 17014 4876 13110 10786 4998 437 15317 18380 19268 8548 13229 
796 4047 1625 17948 4282 15293 0 6588 17592 7848 1021 11345 12592 2871 3947 3953 17967 10532 16107 12659 
2047 10817 19249 1835 16805 7677 17094 0 18777 18859 8957 5969 19400 2122 16829 18849 7047 3214 4723 14503 
17952 18966 110 8232 19335 11671 19027 13582 0 11682 12244 7836 5468 5430 4019 473 4300 14137 662 15313 
17974 11106 498 14812 4011 14544 6552 13163 7681 0 17498 6673 2511 13568 3138 11354 16609 17848 3413 8207 
2335 6465 9628 11503 4085 10392 7241 2818 3838 3365 0 3947 14515 566 9741 10079 1669 16635 536 13423 
1 6019 14248 6729 17465 9368 5728 15514 15411 14353 1144 0 16208 1520 16245 19982 10243 1247 13264 16089 
8395 17063 14041 8902 1481 5524 367 3297 8482 1048 17453 11906 0 1211 12239 16003 17283 5840 11720 5709 
2961 15921 13617 18114 2224 18970 4234 18309 1328 19261 897 9573 9959 0 13154 1553 2789 15827 105 13430 
13367 12653 12460 12926 2415 11140 162 10840 16008 11119 12747 17187 16673 9669 0 274 18033 4585 4836 7295 
13155 12469 7458 19545 17801 7831 14657 1707 4393 8911 7702 16433 10803 16597 14249 0 19737 10594 3579 359 
5959 7677 4131 11251 6659 2863 13158 1371 12158 3054 11549 4191 1840 5153 6343 10019 0 19932 6234 8888 
6160 17150 9129 11886 7927 15421 8301 7127 11270 2839 14719 9695 8226 9058 10431 1579 4903 0 7547 13621 
17860 8395 427 3164 12031 3778 4055 18034 13511 5298 9086 11406 10036 16834 17450 1870 10383 15930 0 470 
4921 8729 2962 17317 6719 991 12386 1040 19090 15581 6599 620 9841 16303 4569 1801 15689 13463 17180 0 
