0.7274299632161272 0.10624620883513292
0.7611598904183475 0.12571206165847992
0.09265539597392525 0.7775499587278605
0.8032870163824338 0.5779162988353508
0.09876595143619271 0.19528165734654557
0.9169610380207364 0.9919256127604179
0.45486737873286875 0.947769814711739
0.22089526035351714 0.9068953668922256
0.13457629649246317 0.03490924838282661
0.1327690248686204 0.44039203035942076
0.14577644468513973 0.45632578014987113
0.5153806865027274 0.9736463385387978
0.4171896619724984 0.11048528217062237
0.4900455295336077 0.04449441385560293
0.1743506650098784 0.9547292011412343
0.618440973654517 0.15238359573874216
0.9676135393815755 0.8303194170805566
0.3347655911767472 0.6495456757484938
0.3361074361956029 0.0919273721825703
0.22199232656098022 0.14341663034241636
0.9440978435087136 0.19760407661262935
0.9691605806671157 0.8676091024807724
0.9099984147291904 0.7131186385732077
0.6210659130903399 0.2922198820461366
0.9633181919716708 0.763654835757646
