0.20503957483355073 0.5676990144854192
0.614200654442602 0.398363386561956
0.004910669510934107 0.11440962885404216
0.11576705648916574 0.9748139413109436
0.12346694786845502 0.6017715932832974
0.5101374320469444 0.8122885449781897
0.8857483387147238 0.5885204964134308
0.16627879913939958 0.4757237008991033
0.43119489115175813 0.1875917733637169
0.05781624964737431 0.46511323596457843
0.5828457730956192 0.6684998175284799
0.7908700719997191 0.5894294082747116
0.03479903869895573 0.22567262548356282
0.9034167615027389 0.9506068484095961
0.3564985521281395 0.590262731004077
0.02897703761779913 0.360129078526932
0.8837022774315976 0.6483067974076865
0.9793496272639682 0.011734997916526435
0.168526058736028 0.9947076220114162
0.794272350570179 0.0159883885359825
0.2947454752470755 0.4003641925809107
0.3303071311320017 0.9659305023788923
0.029577954312769772 0.4988765268581937
0.01690856580033806 0.04776244555432141
0.47945588756207924 0.6096040213096541
