0.7748505157157396 0.9796698481333167
0.6527905855474576 0.20136035969938482
0.3317771221134289 0.9511116995051634
0.4492966303836632 0.14697041004492872
0.41552445038374364 0.039189998710033036
0.6503243111213278 0.8357143611420975
0.7524337714087521 0.44652552636811904
0.035793169719163576 0.009239981530267727
0.18710190784507874 0.32947206056118084
0.371291240824128 0.362162345625191
0.6027255854411644 0.7033958817367254
0.6652500291622692 0.1009348089217903
0.9999779627946521 0.8361153190056307
0.3728748798510736 0.6058857794044902
0.5122798933534157 0.13319300687274882
0.387681749774589 0.06388309654740876
0.1441173639746578 0.9416252268543859
0.5609047880993399 0.8775650741696983
0.0590960618686307 0.4025738871879996
0.9197044398974533 0.3768032589250514
0.315712566743764 0.4691384188115876
0.7170182005095503 0.8590387736102845
0.05136103557769145 0.4717667942563577
0.9390618835080654 0.26736084480515154
0.24888332607673735 0.161755577544894
