0.5127532072793896 0.2595154265632841
0.5359100827167536 0.8464252402729172
0.5429310636261442 0.1939670801476211
0.3939151814502011 0.15716277769423725
0.5673986135577872 0.9187583515570606
0.6031070656761321 0.6646825057314609
0.9232472661260556 0.40963955180993594
0.8561996178867656 0.06590439593482245
0.3872534366582734 0.4243185660170732
0.01860447598373982 0.16259558795778029
0.003375519564859708 0.9695597782754704
0.6347158690886932 0.2977117982025588
0.6204951493508742 0.5690195489063934
0.3967740228446047 0.06417043293169133
0.45976904260357554 0.4434207342332003
0.9977247725895203 0.3629895394314008
0.7428720161162872 0.9656458955015181
0.6420313912889016 0.9043296072277983
0.6555756451665345 0.7855550486057067
0.3721840269500051 0.5428257055627946
0.6955214447700566 0.8328100434774731
0.28369135931852696 0.41769967075728176
0.7587110396739306 7.152426172567505E-4
0.6476277703463781 0.7284933853178591
0.15615016015824346 0.6900596352371646
