0.03736969889283692 0.8389814706185541
0.011117463904839253 0.8262070950797525
0.3150661328001507 0.9427433709205403
0.6730849185319348 0.89761806403407
0.29640658550339527 0.8579951642370085
0.35313756734913404 0.49605237771172406
0.18379705612756647 0.5476202369633325
0.45548432053085963 0.657802136027304
0.7138469842974594 0.7107952960705421
0.42438281659523525 0.07667134558552469
0.30466294502062885 0.5079275561767445
0.38935822729087277 0.7997885090825361
0.08364392183520442 0.822748181438776
0.33144216490979417 0.44154745520162286
0.7274495891236943 0.9651565381744193
0.8510282631730322 0.7064786735043498
0.6014765913585118 0.5631373835743901
0.814230749231812 0.12220451235363194
0.7730922714834111 0.018048497169797062
0.3821708697831192 0.275233520783394
0.09103906332190626 0.3048037762216136
0.1864052563602051 0.5152006114447429
0.6728369563273316 0.08695290251638976
0.7037495727762552 0.04726117245621686
0.8226754393007031 0.086385387646014
