0.9209021230286626 0.8786722062611555
0.38500939586300365 0.9923916807747886
0.2761853119740144 0.2190131173653561
0.4563239945804285 0.5076386131264972
0.434022433416403 0.04909199648017892
0.10593456919495803 0.09987304849945067
0.6941930797182994 0.6702973787983664
0.8328048377501107 0.0710280103237193
0.8612458194881114 0.9899423671989221
0.555756805983723 0.8856010784432587
0.1987366966485642 0.7542194143811725
0.1254336377119658 0.7393372152223875
0.6567611659725346 0.10831978276086784
0.7300548363941641 0.08399791903248344
0.06909910768540595 0.17539841993807492
0.5245837263123534 0.5464794313741891
0.29070655785355626 0.6595420368518247
0.22796702547220282 0.759644541529144
0.051951813804485436 0.5726241991898888
0.8793948156572096 0.9825840322273323
0.6429079078773732 0.060908013461827504
0.4220684348015088 0.029625423495222236
0.40917683668601434 0.9644836729045578
0.29175293832556115 0.9502581611973916
0.4401359050853293 0.1811045462582116
