0.4167604266610564 0.7536904610008168
0.9910282141931801 0.42356472284898417
0.425562079806593 0.35781479230780655
0.698673894889332 0.37324334852700825
0.3887025491237076 0.6568510033619972
0.401820324798555 0.7976999676509812
0.8009168570802125 0.5339381816359281
0.6306583996986195 0.15107641818276862
0.9255418521500397 0.9049926671499307
0.7101116667229881 0.4026514563702085
0.9028979669762163 0.7436463879389028
0.9081050379396802 0.3605047851374591
0.0022952525187605044 0.8649600887159539
0.7185618498824322 0.046451390740963494
0.5098818614624735 0.2289279649884589
0.3890234184165543 0.9892205105171085
0.7377168404780465 0.3070174592993601
0.43657337073621894 0.3507041591387381
0.1638634464036084 0.6184640011169364
0.5607892013157767 0.12920260291162844
0.768963257467341 0.8877672143307034
0.058731866676640876 0.2939451236164312
0.2216653457236657 0.4008117865680263
0.5745231443656366 0.596766388433835
0.6834487407280666 0.04426259891037765
