0.9373486395104418 0.11886567766259493
0.12024737260172602 0.549172572323798
0.7647754294858553 0.06374728537192886
0.259982390145318 0.6848821057774371
0.7716910944395463 0.35924923540136355
0.8545227735715212 0.33879099970474313
0.5927757077638561 0.8000723455134975
0.8368824068519127 0.5242622397433917
0.10965108493946574 0.39576648127526826
0.8123783636482125 0.40173264132777475
0.34899206213982004 0.02504002200198563
0.481057695319553 0.2334493093151644
0.5428016676192324 0.256421847646661
0.3889290639404305 0.6034506449918406
0.06523594742799732 0.1739287753314065
0.019748742382712403 0.2145899314594928
0.1879035273141182 0.4379943997817872
0.8572741320915233 0.9816260743275677
0.8543541253260435 0.48476510861718913
0.1973121575095661 0.3278829060129811
0.9645090554147959 0.7209724909034964
0.16955419243916792 0.562704714507363
0.9810761008109559 0.8069410595138803
0.6411028874237907 0.9679122848881011
0.02252988443617665 0.6368932874243132
