0.9945508910752755 0.33648010346336776
0.6448411060198547 0.5054576377392058
0.9679513721705246 0.8236115604856244
0.027919480047904677 0.10665701932747651
0.7568424161938331 0.4126832252694028
0.23705400315574077 0.5357865461198976
0.7074091934880058 0.5877670582231083
0.35316366232082974 0.7048344966114828
0.8394230340016241 0.7114389310496338
0.6757342577011236 0.6215021220726472
0.8472651516487273 0.9407033548491421
0.349956498942385 0.8999202869953655
0.8474495343099188 0.5629173916120516
0.2915260246677883 0.5400134521514983
0.0709176286852472 0.14847278854311974
0.7719285721177711 0.9001017473559675
0.5352914181840539 0.2929718847269678
0.004573019313038884 0.9289340833024139
0.10043596625431594 0.87885926263618
0.08092389772337649 0.14619625689875138
0.21009627001979103 0.7249481234474907
0.6458238401871096 0.5646398240314097
0.05303718917367761 0.21200677787781474
0.7724861361068709 0.7323293578684781
0.8390296404004032 0.9735464483788132
