0.5488636209897946 0.666568159812278
0.26945175987033787 0.4307477126285555
0.3154852486192846 0.23056798286373004
0.26645377927592373 0.8859217814007865
0.8576195332816399 0.2559455482695624
0.938221941997133 0.5012939270531195
0.3141301728600078 0.2433081987052771
0.40610173904664304 0.6569590566926294
0.510796577905915 0.7514284573666641
0.7135108529049998 0.8268179617079066
0.27176966791907486 0.6143347854896668
0.06062076710603992 0.19263745623571393
0.5774869750427094 0.97267342901338
0.07118195179459508 0.920785393865852
0.7512066340081481 0.5742057967660394
0.30539050336279205 0.13902482298140395
0.3026086187086374 0.15865729724476996
0.5696076009583548 0.5267274924074439
0.5344508800215452 0.38373533865171827
0.44190813096572157 0.08909412434303698
0.5270568629538346 0.6719857756036843
0.8318478058144387 0.12444509570478413
0.6554502620379276 0.5622583615413611
0.32350337210478786 0.6133717680209144
0.3652415157528688 0.6349036472986113
