0.0 0.6623945159701526 0.39597350184227276 0.47351368402418287 0.10082224480580465 0.046476266193109544 0.4425688955614166 0.6394497849488187 0.5308021255686443 0.4574749532137484 0.48624128938968847 0.629296831977301 0.42914136438785394 0.7689416112816823 0.5329608605147235 0.2371576392433994 0.5500270811689663 0.4034730625969966 0.2867805399187029 0.6408817151622931 0.3768599339428955 0.5827093829785108 0.4032188605154903 0.22251795354205114 0.7578987718489293 
0.6623945159701526 0.0 0.5692758580023216 0.2966534825840897 0.6459246825110329 0.6979563871245245 0.219828634413098 0.4517922967235191 0.4858614300060054 0.2816939320563809 0.33199279028505724 0.10417681557885337 1.0827847147564955 0.46524443568336366 0.5190233908568267 0.8260606783163711 0.27883672049131836 0.5592216333235492 0.8498160281741836 0.5213009359820263 0.5145841020702878 0.9412638950357584 0.7696992396313281 0.45108235407008934 0.48833926088469937 
0.39597350184227276 0.5692758580023216 0.0 0.27354726078832753 0.3012993204834837 0.4405254117727571 0.4146211006335225 0.2912134196240218 0.741204020138415 0.28806039967086033 0.6137715938093332 0.4825504559165331 0.6605688145463843 0.42754652740932164 0.15401831006390992 0.6324620579636223 0.31626091072186496 0.01310761732741382 0.36935644677982155 0.2656123256405349 0.6314855013590757 0.37234894902995513 0.2083809484696174 0.2815799425487195 0.4059809205684003 
0.47351368402418287 0.2966534825840897 0.27354726078832753 0.0 0.420137521624473 0.5179628013610564 0.19046378318585777 0.23234511512967096 0.5781231770890946 0.03155407155084861 0.4229726743246169 0.20981819434120816 0.8524837629725995 0.32739657057984534 0.2376328298264502 0.6894282280797591 0.07687795525530093 0.26306786162436663 0.5883497125571925 0.2802999718915144 0.5193028047037698 0.6448364195258679 0.4778045361370644 0.25568722733993915 0.3293328695067568 
0.10082224480580465 0.6459246825110329 0.3012993204834837 0.420137521624473 0.0 0.14145849843659128 0.4301490409482796 0.5606697465002457 0.5914141717791702 0.4097819305030161 0.5214694300957333 0.5979966776197106 0.438884939678276 0.693826235728329 0.4447499887686754 0.3323696620385721 0.49416038299422227 0.3098669162555392 0.22809249012920532 0.5550014868092759 0.4448825719199908 0.4904909059590057 0.3057082070474671 0.195293252743484 0.6798087015726222 
0.046476266193109544 0.6979563871245245 0.4405254117727571 0.5179628013610564 0.14145849843659128 0.0 0.47838093799930487 0.6859219192086206 0.5345988791394384 0.5011056552970865 0.5039847150162536 0.6689273789982163 0.4051471427344019 0.8152911247044132 0.5789463591032451 0.19194759480828563 0.5946392126725765 0.4483447635798362 0.2979077167091524 0.6871388726921268 0.3780291548718202 0.6094904699704058 0.4358624149531709 0.26495389626014765 0.8043521823640004 
0.4425688955614166 0.219828634413098 0.4146211006335225 0.19046378318585777 0.4301490409482796 0.47838093799930487 0.0 0.4190120191884987 0.3914240930451466 0.15963015638283484 0.23319021970578396 0.2038834204562919 0.8645067785964466 0.4943942945742977 0.42158344480488497 0.6139529328911493 0.2355573312895692 0.4078245738571875 0.642636493060914 0.47060830820143534 0.3552689360272582 0.7800225816461337 0.5943525472921091 0.23494998771255665 0.5035682026070836 
0.6394497849488187 0.4517922967235191 0.2912134196240218 0.23234511512967096 0.5606697465002457 0.6859219192086206 0.4190120191884987 0.0 0.8095344100076197 0.2638234665071655 0.6521146763018594 0.34761599208979804 0.9510363504029226 0.13665069674691208 0.14369354727455863 0.8722803354966443 0.18915368895860465 0.2784245560767216 0.6605669391535843 0.07321317283916198 0.7495609133429413 0.5895009975961287 0.4792108851249936 0.4492112158814555 0.11914701881944142 
0.5308021255686443 0.4858614300060054 0.741204020138415 0.5781231770890946 0.5914141717791702 0.5345988791394384 0.3914240930451466 0.8095344100076197 0.0 0.5465865501828334 0.16292749108424967 0.5447670108846843 0.9241141114964061 0.8831386327392984 0.7936225232231424 0.5430896420795726 0.6267795339778712 0.7391386378274456 0.8137890821577003 0.8572600072682096 0.15752324443597612 1.0605369637003312 0.8658178195459723 0.46713763721820195 0.894128248614055 
0.4574749532137484 0.2816939320563809 0.28806039967086033 0.03155407155084861 0.4097819305030161 0.5011056552970865 0.15963015638283484 0.2638234665071655 0.5465865501828334 0.0 0.39171941606316424 0.20242953574454575 0.8454190367849095 0.35630028395962104 0.26508833692286127 0.6687009185602207 0.09953847001935488 0.2784272275855938 0.5873348045809546 0.31156295372380177 0.48867249600803836 0.6603883029621241 0.48844978542604983 0.2367801812760442 0.3593793048771362 
0.48624128938968847 0.33199279028505724 0.6137715938093332 0.4229726743246169 0.5214694300957333 0.5039847150162536 0.23319021970578396 0.6521146763018594 0.16292749108424967 0.39171941606316424 0.0 0.3831769844148756 0.908736630319457 0.7211523196822207 0.647608457416811 0.5695381473944059 0.4668293327074888 0.6098050706847538 0.7495616402727856 0.7032635156897825 0.1967468399011337 0.9564766761548461 0.7626358555403416 0.3597273389376159 0.7330045342675638 
0.629296831977301 0.10417681557885337 0.4825504559165331 0.20981819434120816 0.5979966776197106 0.6689273789982163 0.2038834204562919 0.34761599208979804 0.5447670108846843 0.20242953574454575 0.3831769844148756 0.0 1.036805922375429 0.366818967163458 0.41939737467480515 0.8153092609963473 0.17858620288122945 0.47163350755183053 0.7876791882999651 0.41728765842305166 0.5453128499419151 0.8519770962902853 0.687622065828272 0.4087742958071345 0.38791696563377703 
0.42914136438785394 1.0827847147564955 0.6605688145463843 0.8524837629725995 0.438884939678276 0.4051471427344019 0.8645067785964466 0.9510363504029226 0.9241141114964061 0.8454190367849095 0.908736630319457 1.036805922375429 0.0 1.087655426667677 0.8137450632675355 0.40620109148655964 0.9231169426225804 0.6730948262078851 0.29472801440791857 0.9237177971436873 0.7670071673658881 0.5737971608375337 0.5133779155549376 0.6319593508118502 1.0665432219431519 
0.7689416112816823 0.46524443568336366 0.42754652740932164 0.32739657057984534 0.693826235728329 0.8152911247044132 0.4943942945742977 0.13665069674691208 0.8831386327392984 0.35630028395962104 0.7211523196822207 0.366818967163458 1.087655426667677 0.0 0.2772093752311704 0.9987037553831858 0.26126919020178613 0.4148340022815201 0.7967990620294998 0.17815715464569978 0.842824190984705 0.704718918825079 0.6103092871453913 0.5688530085818826 0.03518126268575409 
0.5329608605147235 0.5190233908568267 0.15401831006390992 0.2376328298264502 0.4447499887686754 0.5789463591032451 0.42158344480488497 0.14369354727455863 0.7936225232231424 0.26508833692286127 0.647608457416811 0.41939737467480515 0.8137450632675355 0.2772093752311704 0.0 0.7698386311701416 0.24084589841796947 0.1421392847677511 0.5210250157166502 0.11196742871163315 0.7079493811210539 0.4558108694527937 0.33557831882500244 0.37347503426353224 0.2534299883730194 
0.2371576392433994 0.8260606783163711 0.6324620579636223 0.6894282280797591 0.3323696620385721 0.19194759480828563 0.6139529328911493 0.8722803354966443 0.5430896420795726 0.6687009185602207 0.5695381473944059 0.8153092609963473 0.40620109148655964 0.9987037553831858 0.7698386311701416 0.0 0.7661514900329828 0.640284412541137 0.4337711404179287 0.8770030134367218 0.3932518945981368 0.7697404580640453 0.6117463125470111 0.43408569000525404 0.9897634692826323 
0.5500270811689663 0.27883672049131836 0.31626091072186496 0.07687795525530093 0.49416038299422227 0.5946392126725765 0.2355573312895692 0.18915368895860465 0.6267795339778712 0.09953847001935488 0.4668293327074888 0.17858620288122945 0.9231169426225804 0.26126919020178613 0.24084589841796947 0.7661514900329828 0.0 0.3042957724172371 0.6529216387139269 0.2508416086930635 0.5815897321511394 0.6791108014221999 0.5245059781032171 0.33254567263069984 0.26830047206165597 
0.4034730625969966 0.5592216333235492 0.01310761732741382 0.26306786162436663 0.3098669162555392 0.4483447635798362 0.4078245738571875 0.2784245560767216 0.7391386378274456 0.2784272275855938 0.6098050706847538 0.47163350755183053 0.6730948262078851 0.4148340022815201 0.1421392847677511 0.640284412541137 0.3042957724172371 0.0 0.38218586552316125 0.2539537595264162 0.6316009515930577 0.38208086880060693 0.2206722310155688 0.2820935318827435 0.39351477500063897 
0.2867805399187029 0.8498160281741836 0.36935644677982155 0.5883497125571925 0.22809249012920532 0.2979077167091524 0.642636493060914 0.6605669391535843 0.8137890821577003 0.5873348045809546 0.7495616402727856 0.7876791882999651 0.29472801440791857 0.7967990620294998 0.5210250157166502 0.4337711404179287 0.6529216387139269 0.38218586552316125 0.0 0.6300212462182586 0.6623216756204076 0.34112336611565564 0.2251966830640515 0.41123250592141924 0.7743875827866897 
0.6408817151622931 0.5213009359820263 0.2656123256405349 0.2802999718915144 0.5550014868092759 0.6871388726921268 0.47060830820143534 0.07321317283916198 0.8572600072682096 0.31156295372380177 0.7032635156897825 0.41728765842305166 0.9237177971436873 0.17815715464569978 0.11196742871163315 0.8770030134367218 0.2508416086930635 0.2539537595264162 0.6300212462182586 0.0 0.7866108995888417 0.5283953684440521 0.4344842207470299 0.4677654484071614 0.14919841449749927 
0.3768599339428955 0.5145841020702878 0.6314855013590757 0.5193028047037698 0.4448825719199908 0.3780291548718202 0.3552689360272582 0.7495609133429413 0.15752324443597612 0.48867249600803836 0.1967468399011337 0.5453128499419151 0.7670071673658881 0.842824190984705 0.7079493811210539 0.3932518945981368 0.5815897321511394 0.6316009515930577 0.6623216756204076 0.7866108995888417 0.0 0.9257717342221902 0.7325712203100253 0.3499834828326376 0.8478282661061397 
0.5827093829785108 0.9412638950357584 0.37234894902995513 0.6448364195258679 0.4904909059590057 0.6094904699704058 0.7800225816461337 0.5895009975961287 1.0605369637003312 0.6603883029621241 0.9564766761548461 0.8519770962902853 0.5737971608375337 0.704718918825079 0.4558108694527937 0.7697404580640453 0.6791108014221999 0.38208086880060693 0.34112336611565564 0.5283953684440521 0.9257717342221902 0.0 0.19485328389528647 0.5981148389445449 0.6727648444056615 
0.4032188605154903 0.7696992396313281 0.2083809484696174 0.4778045361370644 0.3057082070474671 0.4358624149531709 0.5943525472921091 0.4792108851249936 0.8658178195459723 0.48844978542604983 0.7626358555403416 0.687622065828272 0.5133779155549376 0.6103092871453913 0.33557831882500244 0.6117463125470111 0.5245059781032171 0.2206722310155688 0.2251966830640515 0.4344842207470299 0.7325712203100253 0.19485328389528647 0.0 0.403617185034093 0.5834134272718787 
0.22251795354205114 0.45108235407008934 0.2815799425487195 0.25568722733993915 0.195293252743484 0.26495389626014765 0.23494998771255665 0.4492112158814555 0.46713763721820195 0.2367801812760442 0.3597273389376159 0.4087742958071345 0.6319593508118502 0.5688530085818826 0.37347503426353224 0.43408569000525404 0.33254567263069984 0.2820935318827435 0.41123250592141924 0.4677654484071614 0.3499834828326376 0.5981148389445449 0.403617185034093 0.0 0.5631387244549001 
0.7578987718489293 0.48833926088469937 0.4059809205684003 0.3293328695067568 0.6798087015726222 0.8043521823640004 0.5035682026070836 0.11914701881944142 0.894128248614055 0.3593793048771362 0.7330045342675638 0.38791696563377703 1.0665432219431519 0.03518126268575409 0.2534299883730194 0.9897634692826323 0.26830047206165597 0.39351477500063897 0.7743875827866897 0.14919841449749927 0.8478282661061397 0.6727648444056615 0.5834134272718787 0.5631387244549001 0.0 
