0.0 0.7878224967205333 0.4439927927020165 0.8940770025269232 1.006785760923453 0.19034168714595437 0.5336153842008281 1.2198114143861396 0.8764733818077992 0.7376825902818002 0.3255062151949364 0.8855436385581685 0.2670023787559583 0.5489070430084484 0.8862654086210331 0.9942660749018156 0.6318794995198813 0.23706150938410966 0.9194260091716854 0.6200248250952932 0.6866221643025224 0.1337775497708393 0.8839697619307825 0.7309921268622463 0.972432639625461 
0.7878224967205333 0.0 0.8155836653872309 0.21063726263797355 0.2873924927323998 0.6343587956794846 0.2646407440971566 0.6462167212682115 0.4829891845972251 0.3241900056407463 0.5045256877731283 0.10119549883356416 0.7235004722069363 0.49192846785187816 0.15617311744419993 0.2986347144733905 0.8981873523320522 0.6824190909144869 0.6268652734763991 0.31941073327719927 0.430495853293062 0.6608071448222057 0.6594218251063957 0.2937810750716384 0.40584432116595204 
0.4439927927020165 0.8155836653872309 0.0 0.8126832397920155 0.9157591404804535 0.3388050432418531 0.6569316727921222 0.9872835627092715 0.6382528952774112 0.5902734171662486 0.3671187766273297 0.9132387010073638 0.6780239899996804 0.3476635753144389 0.8375990915604155 0.8889881446342813 0.18789938261754888 0.2406420441618348 0.6125754583379318 0.8218812054781867 0.4822409286256751 0.39609104025040814 0.5553419845248554 0.9144998702707056 0.7936967107765588 
0.8940770025269232 0.21063726263797355 0.8126832397920155 0.0 0.11294767465276244 0.7174819569826851 0.42617530898007777 0.43583802372022284 0.31945723495992623 0.228893883577335 0.5771912592871405 0.2208056770438666 0.8821398049132554 0.4652349945875612 0.06447253874701844 0.1034402976441272 0.8512406607560582 0.7390703242021508 0.4664650267673697 0.5235519512674129 0.3487648605166848 0.7607339834011059 0.5136588642381251 0.5043449810891006 0.20095794017958704 
1.006785760923453 0.2873924927323998 0.9157591404804535 0.11294767465276244 0.0 0.8304107625447756 0.528611504496472 0.3809105525503728 0.36937857730569834 0.32598729070291993 0.6900824008870642 0.25724557583048047 0.9882691304992223 0.5682984196032235 0.1349006348683989 0.0372151186753076 0.9423646574171907 0.8508867196908765 0.5090079042066513 0.606778522443781 0.4413819842988425 0.8735276155167423 0.5654535142063684 0.5710983968548379 0.20686127096541693 
0.19034168714595437 0.6343587956794846 0.3388050432418531 0.7174819569826851 0.8304107625447756 0.0 0.40236089645107936 1.0299069976982416 0.6861896689651361 0.5496462186894462 0.14061941074590426 0.7349311310729142 0.34965388156818555 0.3602767878946791 0.7159556651646257 0.8152941898705104 0.5171678497504248 0.09872858389746321 0.732913032283906 0.5321325525820668 0.49632946816696005 0.070654816528773 0.7008672034644025 0.637491258952119 0.7844586072326527 
0.5336153842008281 0.2646407440971566 0.6569316727921222 0.42617530898007777 0.528611504496472 0.40236089645107936 0.0 0.8395191479139424 0.5773228124869065 0.39036748697287155 0.29731283257353686 0.3564182218927217 0.46158242299316216 0.41165597579569985 0.39477987906975953 0.5286390700518703 0.7843293727606496 0.47167620590456655 0.6947293905233614 0.18121995230674692 0.4373062468210331 0.4140307256863822 0.70152697918915 0.25870839828910347 0.578495440558396 
1.2198114143861396 0.6462167212682115 0.9872835627092715 0.43583802372022284 0.3809105525503728 1.0299069976982416 0.8395191479139424 0.0 0.35417921829734417 0.4869426565762147 0.8962503990447208 0.6361005260729932 1.270187048793609 0.6852811739909542 0.49234535672763075 0.35610594321381395 0.9386566873778815 1.014756462539226 0.3940235857439186 0.9572888260276479 0.5383878169539278 1.0891398117762563 0.46278873250971075 0.9394257551119345 0.2620466022756104 
0.8764733818077992 0.4829891845972251 0.6382528952774112 0.31945723495992623 0.36937857730569834 0.6861896689651361 0.5773228124869065 0.35417921829734417 0.0 0.18706780888446128 0.5590725046190481 0.5299574523544741 0.9578386461391039 0.3330407498981592 0.3798238923186463 0.3328209290209617 0.6136604680232747 0.6634263673180679 0.14740886560964916 0.7341299015215975 0.1898615106051907 0.7491676586725362 0.19665547447577567 0.754520780443966 0.1787337749673171 
0.7376825902818002 0.3241900056407463 0.5902734171662486 0.228893883577335 0.32598729070291993 0.5496462186894462 0.39036748697287155 0.4869426565762147 0.18706780888446128 0.0 0.4123132086599931 0.393257670202826 0.78732357729094 0.2437285787217824 0.26889544107469515 0.298729240641188 0.622402764329705 0.5491750812822921 0.31479981330130674 0.5486085975083628 0.12055235064863977 0.6053208366978221 0.3381840791473914 0.5756308081152912 0.23483306897708087 
0.3255062151949364 0.5045256877731283 0.3671187766273297 0.5771912592871405 0.6900824008870642 0.14061941074590426 0.29731283257353686 0.8962503990447208 0.5590725046190481 0.4123132086599931 0.0 0.6056968303697454 0.41883636463656393 0.24967892765931526 0.5773315700014815 0.6747002695114255 0.516792726024527 0.17911975514459566 0.6213106560360715 0.45512452740698295 0.3704767628852269 0.19309974533886534 0.5980425578611759 0.5506801783515239 0.6469764784264896 
0.8855436385581685 0.10119549883356416 0.9132387010073638 0.2208056770438666 0.25724557583048047 0.7349311310729142 0.3564182218927217 0.6361005260729932 0.5299574523544741 0.393257670202826 0.6056968303697454 0.0 0.8077952537375673 0.5834883979362094 0.15633442929957014 0.28003031820163893 0.9891105264474872 0.7836086384359968 0.6770589085176456 0.37530047808361716 0.5076911816939959 0.7598694393387952 0.7172001518345227 0.3204224664409994 0.4207854528548017 
0.2670023787559583 0.7235004722069363 0.6780239899996804 0.8821398049132554 0.9882691304992223 0.34965388156818555 0.46158242299316216 1.270187048793609 0.9578386461391039 0.78732357729094 0.41883636463656393 0.8077952537375673 0.0 0.6680298777317478 0.8555402876726179 0.9855197907101995 0.8623396693106331 0.4410253223344226 1.0359618354904032 0.4662739613293807 0.7764606735107114 0.28388679406314926 1.0161810478893611 0.5720073606508165 1.0094078532532864 
0.5489070430084484 0.49192846785187816 0.3476635753144389 0.4652349945875612 0.5682984196032235 0.3602767878946791 0.41165597579569985 0.6852811739909542 0.3330407498981592 0.2437285787217824 0.24967892765931526 0.5834883979362094 0.6680298777317478 0.0 0.4928206722463383 0.5422048981899794 0.4062646645278296 0.33040109806108736 0.37388884996895655 0.5928755087956743 0.1482139354747165 0.42722483966782887 0.3483662644927227 0.6596717778225539 0.46111337175495115 
0.8862654086210331 0.15617311744419993 0.8375990915604155 0.06447253874701844 0.1349006348683989 0.7159556651646257 0.39477987906975953 0.49234535672763075 0.3798238923186463 0.26889544107469515 0.5773315700014815 0.15633442929957014 0.8555402876726179 0.4928206722463383 0.0 0.14257826290355974 0.8883165552566286 0.7459585477497972 0.5272017107319071 0.474700659396636 0.3892274832192886 0.7541683177566934 0.5719076874431394 0.44737442467782956 0.2649406954330328 
0.9942660749018156 0.2986347144733905 0.8889881446342813 0.1034402976441272 0.0372151186753076 0.8152941898705104 0.5286390700518703 0.35610594321381395 0.3328209290209617 0.298729240641188 0.6747002695114255 0.28003031820163893 0.9855197907101995 0.5422048981899794 0.14257826290355974 0.0 0.9109088084687337 0.8319162107530891 0.4718898239646415 0.6172253809007043 0.41159620932361346 0.860659658952377 0.5286593739400035 0.5877271866367828 0.16983528772787906 
0.6318794995198813 0.8981873523320522 0.18789938261754888 0.8512406607560582 0.9423646574171907 0.5171678497504248 0.7843293727606496 0.9386566873778815 0.6136604680232747 0.622402764329705 0.516792726024527 0.9891105264474872 0.8623396693106331 0.4062646645278296 0.8883165552566286 0.9109088084687337 0.0 0.4216817046902475 0.5457150983873638 0.9594577467476295 0.5026815069085423 0.5788228492050221 0.47892659473155347 1.0423863228364214 0.7868751976833964 
0.23706150938410966 0.6824190909144869 0.2406420441618348 0.7390703242021508 0.8508867196908765 0.09872858389746321 0.47167620590456655 1.014756462539226 0.6634263673180679 0.5491750812822921 0.17911975514459566 0.7836086384359968 0.4410253223344226 0.33040109806108736 0.7459585477497972 0.8319162107530891 0.4216817046902475 0.0 0.6909621012990292 0.6160353770178798 0.4763733391157556 0.15720884627392379 0.6513885781271183 0.7178802061224033 0.7808589041696189 
0.9194260091716854 0.6268652734763991 0.6125754583379318 0.4664650267673697 0.5090079042066513 0.732913032283906 0.6947293905233614 0.3940235857439186 0.14740886560964916 0.31479981330130674 0.6213106560360715 0.6770589085176456 1.0359618354904032 0.37388884996895655 0.5272017107319071 0.4718898239646415 0.5457150983873638 0.6909621012990292 0.0 0.8609941379675403 0.2651091613743233 0.8007632190918554 0.06962391126827022 0.8902934426827995 0.3066148462076818 
0.6200248250952932 0.31941073327719927 0.8218812054781867 0.5235519512674129 0.606778522443781 0.5321325525820668 0.18121995230674692 0.9572888260276479 0.7341299015215975 0.5486085975083628 0.45512452740698295 0.37530047808361716 0.4662739613293807 0.5928755087956743 0.474700659396636 0.6172253809007043 0.9594577467476295 0.6160353770178798 0.8609941379675403 0.0 0.611008972591217 0.5230992288858224 0.8735206585240293 0.11114113834008398 0.7044476361055148 
0.6866221643025224 0.430495853293062 0.4822409286256751 0.3487648605166848 0.4413819842988425 0.49632946816696005 0.4373062468210331 0.5383878169539278 0.1898615106051907 0.12055235064863977 0.3704767628852269 0.5076911816939959 0.7764606735107114 0.1482139354747165 0.3892274832192886 0.41159620932361346 0.5026815069085423 0.4763733391157556 0.2651091613743233 0.611008972591217 0.0 0.5595252437239174 0.2643645974545868 0.6551935287244862 0.3145637590589811 
0.1337775497708393 0.6608071448222057 0.39609104025040814 0.7607339834011059 0.8735276155167423 0.070654816528773 0.4140307256863822 1.0891398117762563 0.7491676586725362 0.6053208366978221 0.19309974533886534 0.7598694393387952 0.28388679406314926 0.42722483966782887 0.7541683177566934 0.860659658952377 0.5788228492050221 0.15720884627392379 0.8007632190918554 0.5230992288858224 0.5595252437239174 0.0 0.7701162556509428 0.6319700693819899 0.8398536278277253 
0.8839697619307825 0.6594218251063957 0.5553419845248554 0.5136588642381251 0.5654535142063684 0.7008672034644025 0.70152697918915 0.46278873250971075 0.19665547447577567 0.3381840791473914 0.5980425578611759 0.7172001518345227 1.0161810478893611 0.3483662644927227 0.5719076874431394 0.5286593739400035 0.47892659473155347 0.6513885781271183 0.06962391126827022 0.8735206585240293 0.2643645974545868 0.7701162556509428 0.0 0.9109306162312001 0.36758945813354277 
0.7309921268622463 0.2937810750716384 0.9144998702707056 0.5043449810891006 0.5710983968548379 0.637491258952119 0.25870839828910347 0.9394257551119345 0.754520780443966 0.5756308081152912 0.5506801783515239 0.3204224664409994 0.5720073606508165 0.6596717778225539 0.44737442467782956 0.5877271866367828 1.0423863228364214 0.7178802061224033 0.8902934426827995 0.11114113834008398 0.6551935287244862 0.6319700693819899 0.9109306162312001 0.0 0.6982112242087629 
0.972432639625461 0.40584432116595204 0.7936967107765588 0.20095794017958704 0.20686127096541693 0.7844586072326527 0.578495440558396 0.2620466022756104 0.1787337749673171 0.23483306897708087 0.6469764784264896 0.4207854528548017 1.0094078532532864 0.46111337175495115 0.2649406954330328 0.16983528772787906 0.7868751976833964 0.7808589041696189 0.3066148462076818 0.7044476361055148 0.3145637590589811 0.8398536278277253 0.36758945813354277 0.6982112242087629 0.0 
