0 12859 10938 3341 18060 2684 17211 19172 12653 1767 14736 9195 14562 53 13541 4399 1088 6120 13094 2273 1271 619 17380 17801 15609 
18754 0 4903 11727 5402 14007 8929 467 12704 12319 3574 16906 12540 3646 17321 6814 15303 16087 7122 11707 9133 16717 3463 5752 19614 
2805 19572 0 1637 7272 7289 6441 18349 2090 3141 9400 12405 8717 12734 1675 13308 5992 10328 15717 13883 10109 8489 4043 6613 11991 
2568 17880 8249 0 16327 11248 14169 16638 2275 15782 9253 16158 13950 5658 11079 11070 12598 4276 807 19750 1763 14609 19422 6977 11738 
11912 5279 6344 280 0 18176 4481 10322 12808 1354 17564 1626 7208 11310 13146 6287 5882 13968 12083 6172 10840 15349 4075 16704 6379 
17957 2788 14131 18303 3418 0 15241 5944 18664 7310 16546 17896 622 4818 2061 1576 19322 19136 15569 7587 1562 18458 4322 1135 9548 
1972 9626 19182 2187 10423 5088 0 1320 11117 12630 3718 10118 18100 15754 9822 10955 5383 4176 11921 6192 11315 9513 18891 14039 19755 
12604 13120 8590 3704 17218 11680 14211 0 11115 14798 9307 14874 3989 19718 5516 16963 614 15344 12168 12750 5220 12597 17595 10924 19322 
4790 8659 10455 14694 5170 3122 14550 9157 0 16906 1262 12574 3276 9169 7872 19538 8578 17552 3644 15138 6057 12176 18359 7300 17463 
2710 17401 18809 11330 15897 17837 19828 650 8263 0 603 3998 19805 4347 1320 11264 14583 19103 3844 16728 1046 12029 7832 11520 6514 
10153 14493 19088 19059 7177 13084 18263 724 16857 14852 0 3084 4001 10157 10791 18601 11206 17745 4928 11741 11953 12080 15821 6800 5266 
16632 5511 16262 19714 3730 7388 9345 7501 17035 2280 3081 0 6575 9871 15488 13691 18600 6389 16623 9644 10 9013 18774 2030 8419 
12633 13874 12733 7253 3714 7096 16383 7798 755 4690 18172 19707 0 11506 6877 6372 8553 1857 245 5738 2145 11509 12558 15982 6113 
12342 6964 8109 3637 6816 12295 10647 4239 5776 11488 7670 12182 7740 0 1117 10988 6301 5021 11581 14 19984 5974 19756 4530 2539 
7210 13676 17959 11320 14775 2342 11728 7780 19143 2770 14913 9967 15218 1164 0 7626 9061 5681 15361 11414 8131 13621 1718 5489 7606 
18722 11143 13674 3834 214 6218 13712 4609 19321 4150 17950 18716 4123 8801 2366 0 5289 10563 19062 19583 13195 4748 10609 678 651 
3726 3364 10516 951 4628 7959 11798 11426 5349 11082 14132 9678 13852 11802 16169 3625 0 17767 18770 11233 59 1099 1684 19821 10173 
10678 19478 15998 19919 11399 2387 8940 18070 6358 5391 5729 15508 15673 16489 17014 5534 6053 0 14841 13237 6870 2142 11012 15902 18581 
10172 4402 15677 19242 4683 1382 7151 1488 9826 11762 18669 7448 8208 898 14879 601 12309 92 0 19536 15234 16134 8911 6563 5937 
8095 19587 18476 16498 10048 15923 13062 32 11923 6916 11505 10372 16617 8798 4189 8487 15558 8253 4000 0 7099 1837 4297 1176 11678 
14797 16616 8662 6673 17696 4141 12347 2054 18310 19201 16740 17183 11327 9799 3339 16518 10874 15424 16324 4821 0 11733 205 18191 18299 
8604 11369 16561 12498 14157 610 12630 7805 8736 1345 1598 9038 7177 15777 5887 6890 1558 12262 3097 15883 12610 0 5706 2361 5992 
17049 11515 5140 3278 13294 7113 19478 8598 3822 4100 360 12883 8830 8846 3047 12489 2942 9638 1118 8757 4364 14456 0 16465 12212 
4188 15042 14559 3689 2485 10123 15085 12244 17356 3499 15376 12801 13318 1131 2080 5287 16162 5493 15108 11402 2889 5108 7133 0 15159 
17338 2562 11801 19028 4840 15224 14272 8725 2487 19487 8854 16631 5575 11557 10193 6327 15289 5637 16895 8862 17913 3830 9386 5169 0 
