0 16035 10605 12567 2855 15841 8506 1478 11443 15263 12062 10663 15574 12627 16325 19634 17119 6003 12939 7917 17821 14715 15450 4637 12097 
7317 0 3791 17399 17687 11161 14952 15280 4337 10767 2165 660 16414 14865 5915 15070 16566 5287 6640 5385 4458 14798 1216 8397 7148 
15534 3139 0 14183 15774 14856 9787 1659 17030 11269 9201 3354 17287 19429 13578 10626 2219 10379 6934 15455 15485 10757 425 409 16228 
3090 339 14493 0 7097 8151 11010 9341 11979 9964 17720 17572 5811 4162 3135 13100 17572 11257 4869 1832 1976 17766 1506 10409 5407 
10209 19740 10494 17251 0 9660 6220 16641 19101 17852 4315 6844 1147 9726 18177 16643 7643 11912 14353 9995 1421 11760 4606 13133 1261 
7379 12745 11236 5266 15535 0 12913 11967 8433 1331 17159 14811 13265 1270 6052 10631 18512 19575 17687 11953 13047 6603 17629 1274 19403 
17710 5201 1993 4604 1124 9932 0 4606 4761 14158 16114 19383 14223 18556 3094 15999 10151 17765 4249 10458 18994 11668 8599 10116 2628 
17542 15525 8759 8822 19990 5326 15388 0 13184 7118 6156 2754 17930 5400 1329 14679 6535 1497 10080 14776 2779 15691 9578 13466 7666 
8684 6296 15018 8370 1154 10834 1845 9627 0 3767 1838 19397 9880 14297 1892 1721 12002 18022 11078 5138 1585 7747 12365 15476 4520 
637 17055 2875 10023 10423 18239 17478 15256 15619 0 5544 9128 13345 7074 5384 14725 7876 1458 7565 7967 13818 11227 1231 7984 17382 
6148 11033 15692 15424 6659 17819 9723 18806 15118 7247 0 7362 3508 17442 14413 194 8301 14666 2938 9001 8439 11656 12895 7965 1104 
18473 13557 4303 221 8850 4136 6258 15791 9768 18529 9671 0 6019 6306 8545 1398 19307 16729 4151 16416 7550 4220 19005 14715 12211 
3697 4862 3940 292 14843 19396 4220 18582 5775 18572 12742 1461 0 5689 16905 17387 10058 19403 16759 11057 18713 11860 11336 11371 18443 
6471 15033 13975 16528 17601 9608 1978 16344 14561 14876 18862 2212 12121 0 18660 7737 10295 890 12260 5896 18498 9801 14954 375 15806 
12534 13837 17580 14670 9830 13788 18051 8809 510 6423 16016 13184 15377 6614 0 2652 12940 10296 10456 1813 13729 17354 19570 7499 7119 
16364 13149 3420 1683 12861 11428 6778 2871 13307 2034 10736 12923 13393 14161 3030 0 5855 1137 4600 11814 11928 2875 4326 14029 1042 
7335 4730 16494 5144 10614 18481 5369 5998 13222 11640 15779 16559 9241 10819 100 1734 0 17241 2018 10807 17429 12726 16245 1730 15563 
12724 1079 10219 7133 14534 7075 11924 15421 2710 13217 19774 7082 11016 16582 9235 117 19421 0 17988 13023 14656 95 7573 188 14943 
937 12096 16881 9117 10338 9221 19041 7117 2679 3103 10921 6441 491 10330 17563 509 6264 5567 0 4214 5038 14548 2262 11155 14082 
13312 15296 18551 9300 2437 9710 12625 13538 16778 2445 11871 2939 1402 12525 9972 10586 7406 9132 722 0 9060 18160 6811 9485 9314 
17853 2297 5584 18934 16901 18472 10499 4091 12091 17500 7885 16409 3227 7430 3125 18481 12646 14357 12535 9921 0 19089 5712 5294 19594 
3262 9325 14805 9067 8817 17605 430 7355 9556 16531 15384 7666 1307 15086 2098 3114 5262 12356 12437 293 18453 0 6734 16929 7078 
16621 4472 4495 4217 4897 3320 2181 18999 2511 11034 3004 3707 19181 8278 19236 1583 12882 737 18363 18653 11364 6269 0 9383 11065 
13091 9434 8278 4457 17209 8032 3197 4406 6691 14021 2255 15153 3984 14729 19860 17566 14283 9291 1070 6697 7993 9986 17735 0 14308 
10977 18467 15039 2394 8873 12835 2535 9982 10062 13100 9911 7404 10780 9756 4405 19740 5460 3060 14226 4284 5502 9030 252 5647 0 
