0 12618 2878 960 2133 4550 17085 9876 14919 803 17710 13374 18401 785 686 9702 19815 7924 618 1912 16815 18664 17924 15217 3113 
19050 0 16620 19971 8934 7583 8913 14878 11891 7548 10567 17396 2055 17204 4490 11316 8728 12028 9054 15071 15836 19636 12374 18600 7906 
15028 4116 0 11443 19173 11527 12334 10220 4709 11028 14438 9793 14289 6146 18604 9106 7284 16373 4756 95 19981 10539 12713 16030 5514 
18679 9178 14276 0 10984 7825 14957 17687 16361 8295 9107 18718 15404 9727 7706 824 10122 19414 1479 12831 17162 9401 8753 3707 7063 
13394 18025 7506 15428 0 9649 17904 1278 18874 1880 1242 2306 17967 6588 5014 5325 14410 12299 7794 5193 10375 13868 12678 5988 14148 
3305 15041 3644 8141 17495 0 11768 5928 2851 2760 11388 967 3503 16354 13030 3501 14850 5816 16179 16653 4037 8502 2938 6250 11427 
15692 19814 14591 4941 8320 17013 0 1046 14742 14710 19817 7974 1967 4581 8805 12213 7755 18177 13535 14721 16947 14533 17740 3964 14599 
8684 13188 2252 12875 14069 4050 8461 0 855 13412 13969 5431 494 9055 3962 5852 18188 12006 10885 6516 3338 17901 3378 7595 2789 
7615 5067 10940 13189 456 13229 19399 2079 0 18654 5225 17752 12896 13292 14713 5120 9136 13886 14970 8542 8514 16473 7627 17929 9282 
18394 1697 3689 17710 1870 19977 10087 8298 3014 0 7739 19741 6398 18117 2096 17651 16715 14823 9484 6782 10547 12266 13444 1443 9629 
11244 15173 9584 5119 13241 15322 10606 6500 5357 17065 0 1401 7095 7154 7675 81 390 14992 18694 4206 4530 19561 13212 18323 11082 
13175 2893 14224 8605 4750 17028 6596 1543 2518 11318 16568 0 10617 7122 14942 16170 2182 1117 11151 17826 10863 4756 8748 14741 12357 
12549 9701 10405 11382 10225 11585 18418 13576 17535 2594 7482 9486 0 8759 11632 10589 13859 9855 6266 12374 14057 18806 7320 14004 7701 
4093 10455 11165 11547 5094 12281 7397 1100 7780 11400 2409 13642 19262 0 13217 2989 16092 15528 11441 2750 3535 8139 8916 6172 14257 
7722 15739 12273 2777 14742 3595 3736 3643 1356 1802 8422 5635 2086 12787 0 11941 18559 5576 2529 2317 12938 14876 4971 776 6700 
19536 8479 16284 2338 19150 7148 15726 3043 15114 58 6444 16960 4972 7571 3383 0 14980 12086 5332 19172 19380 2234 13819 12219 8136 
18334 4174 15270 2892 4655 9435 4856 7319 12654 4439 669 17012 2052 17319 3161 12070 0 12756 878 7495 9179 5963 3085 12494 11249 
16034 12487 14327 9594 18699 16582 16427 6120 5666 18998 19473 11168 900 14784 18286 16397 19648 0 2223 6089 1515 17681 14251 10810 8672 
5320 2933 2983 8951 8437 6366 294 11723 6971 9000 9912 9452 10390 13547 16508 8117 19100 15486 0 1213 6525 10963 9644 4747 16578 
2912 2392 6598 941 9038 12717 1321 4580 8621 767 12932 12289 10203 3401 18832 15593 11150 2885 15827 0 19293 6043 7064 12542 468 
11793 17179 14881 10865 12571 2954 4190 7390 3423 13656 11389 4823 7865 8549 4556 9855 1832 10478 12353 16248 0 13992 12298 1121 17137 
10765 17421 9623 2419 13302 12975 2143 16685 13234 16914 7989 16286 14165 8830 13479 2910 6702 8363 1061 5432 6230 0 4752 9480 11813 
4688 6451 18764 18482 10287 10648 4286 5902 12401 9142 15268 5897 12804 9230 14852 18867 8955 16062 11190 7132 227 16429 0 12035 14446 
13767 2982 8894 1082 13108 2621 1060 18946 19693 3103 4710 1788 5154 7888 17707 11875 499 10830 6918 6361 17259 9495 11536 0 4133 
5235 8766 13301 7046 1616 4811 12484 18209 17093 3600 7112 4424 15965 17851 2159 9853 19326 1613 15281 3665 13076 2668 16165 15663 0 
