0.9274401014909641 0.3731014558200241
0.4310628905304361 0.6383162651555218
0.7766055653010723 0.596146739504127
0.15396656064103786 0.9492741081137941
0.8281971803658993 0.10628349084382771
0.17350155115966304 0.21880994939808662
0.5797218946623196 0.7363810104153781
0.11346778216383735 0.9314056715323029
0.21323832173578505 0.3583601396419044
0.11320287143749819 0.03245322178954324
0.27316597357396566 0.4323929614969061
0.1326808643510866 0.2034261415878338
0.685961003284056 0.6303072291554568
0.01245624525662814 0.8006262591585674
0.20762644784383866 0.6379619226242749
