0.685945422048763 0.986877400573715
0.773114918495832 0.7925422702896071
0.7571320844257751 0.9619287617241555
0.25966709737304194 0.054594016731984496
0.6265160491207983 0.40580940398957177
0.8044823472570937 0.848957456034899
0.09766297530460011 0.896419020331887
0.39372975294315227 0.8006655297837568
0.23073690884394404 0.4615257950675601
0.5127035750249919 0.6625681548763367
0.41150242381615476 0.6570795088603112
0.5378469833868343 0.2457081007558396
0.4904495606047715 0.5225704061745436
0.4553833013194304 0.7592283349334099
0.3236148708976371 0.05677454760209366
