0.49209765126073113 0.16822948041788366
0.37818919885800073 0.02358742878751674
0.024543767146964268 0.08420606692848187
0.5866894651610416 0.6225606400159188
0.8888533001868719 0.4267923578836408
0.9058933965278018 0.2338110254447061
0.8001103596002809 0.7595425602753505
0.9428528175487766 0.5490311145383534
0.9427848948146139 0.42459077430703507
0.06960046141710352 0.14309084949443318
0.11263762752822248 0.9066048545795095
0.047683219742468363 0.04253228067903714
0.442297358387132 0.6840153445409666
0.2408997067518407 0.8587470263712091
0.006928158134314133 0.5194544131363101
