0.32252276842759253 0.7234161639081129
0.458942545112623 0.15794115559365518
0.62645145089238 0.29601827537235026
0.7245061686420293 0.6992009736602454
0.0661510631305885 0.9266882489047156
0.709618181525648 0.48960893331721356
0.8509041779265467 0.6524356613447464
0.9098411233020014 0.23959773018488295
0.06580908585132805 0.08070873362197906
0.7952925136787918 0.213973259018031
0.5501267360507843 0.3715153494396074
0.851300110361725 0.7654317738491608
0.40799113396600317 0.46779075184371666
0.19516117541695155 0.18567440013571568
0.9161616987675972 0.4434262760874512
