0.3021624729303486 0.6015335788061741
0.3975358778625696 0.014917577161208229
0.47151969618369216 0.8504462585517848
0.16387150209796209 0.9153891042310628
0.03983848988250138 0.7040348696714831
0.014884373024780628 0.566515174868758
0.7752066064345328 0.5020979601976359
0.0045810462998117085 0.15959291821186816
0.6580381373507447 0.48682831890282463
0.6047562279907087 0.6879595718995566
0.7363963414126193 0.42575520522906274
0.5335599580126371 0.26570156286350266
0.17341806502438406 0.18512704978073335
0.5077486597165687 0.06454406553295589
0.7451707809613095 0.7066458501818196
