0.41049176217391026 0.551296786313519
0.024211330610209747 0.9988287058603417
0.9591285990331778 0.39976019847181277
0.2429685636515444 0.12242855639512107
0.7940082987649771 0.4397161985342438
0.8351240736427675 0.9550463737731605
0.1469240401220664 0.5349187326223562
0.34329527703107565 0.8194150822361694
0.031500269139521864 0.40090862761923474
0.8280012036267599 0.3611278991907819
0.9836344760807213 0.06998778423903029
0.7113914068974866 0.27405383968275177
0.9812995117008853 0.35163192611413074
0.4647795008072728 0.7643710744102576
0.7810413076593292 0.786663579499062
