0.16686681745390475 0.40437182341305633
0.9954215985709355 0.21948299514778147
0.18708162592359923 0.4187937944059551
0.8538187823568212 0.5198822235207164
0.5072477552795915 0.11928488386472136
0.7384143681870566 0.17444310435376942
0.4848359162341003 0.15670947358295884
0.26785650432326646 0.4372471527557512
0.1823399670999989 0.49635593708106707
0.9130059707753414 0.4806016831958936
0.7398594310271315 0.5377071110560615
0.87233440463421 0.5187130530805277
0.6517584005718344 0.5982861177291448
0.20895825184227157 0.19071442048142784
0.22331072461743873 0.06019256115050953
