0.4926691743653885 0.9618996621462201
0.8464585633021697 0.021122036800163557
0.7396688947405516 0.7483914081636568
0.33592818078593556 0.5898060901844618
0.592167190523097 0.5998847088337865
0.2673547488994751 0.1798672469505319
0.687651255368376 0.5147011323513437
0.10196330707685108 0.7726247574921589
0.4525170740753248 0.17331661807234644
0.46707244778850343 0.5726971053870914
0.724063489836 0.7400004116303933
0.21118667631401966 0.016653608446835277
0.494305734265155 0.3134111495789582
0.9301666770842114 0.20432000323675925
0.027103788390566597 0.2612881902485249
