0.6070862460138609 0.30477083906419744
0.5151401131581747 0.25347759105607537
0.3140482609904576 0.08376732971996192
0.38957009190400727 0.6678839524714759
0.7611469406299193 0.07537670049663758
0.3727077842312153 0.18554046333549756
0.8459268192266043 0.07773461182931174
0.37289866005538574 0.813841724080364
0.2561034578545657 0.5913901265372801
0.36076980464000885 0.2810847306261379
0.6089750700759837 0.5383976847812018
0.43733767351549613 0.7308156482390301
0.5728675782508462 0.10129863485477131
0.4069917738992407 0.9110809347260314
0.909120681117798 0.8033602720538737
