0.05695625971220086 0.5841823132002409
0.929529483657449 0.838294979362997
0.04153210721516487 0.15625216822235355
0.8759184858260174 0.4706468989937058
0.9257483262332117 0.4666704145315598
0.06967260773692263 0.05454628186448773
0.895970895543991 0.07559667289289518
0.7498922015678745 0.45575846024577604
0.8288290834356474 0.17869621541942982
0.5966667727792575 0.7037753583763889
0.34440804260593516 0.5530397718045902
0.24142136352529664 0.25258463110271556
0.4435564500039677 0.16955385122829914
0.13470874404957323 0.8342742812851146
0.05160537781072916 0.391241846679222
