0.0 0.9088219177872795 0.42820802591853363 0.8267946650047685 0.8767033142281183 0.5297886665418323 0.981124310506464 0.7047360537982142 0.8718982919448325 0.5528018943252725 0.28913385373104683 0.37945276029728353 0.566900757285478 0.261899677970781 0.1930146511497817 
0.9088219177872795 0.0 1.1196971629851578 0.37153633750644977 0.37164380034869676 1.1634499851297506 0.7634362354044574 0.42261535889606444 0.6672414105859383 0.35901686969216257 0.650951330144881 0.9036312284615804 0.8266707239870275 0.7948309091397013 0.9851940108776238 
0.42820802591853363 1.1196971629851578 0.0 0.8916527774577523 0.9371220889597329 0.10552712963714196 0.8582371187076873 0.7690760965164626 0.787616825633188 0.77971542287389 0.4991735515783746 0.22189109534367052 0.4022443373940266 0.6843945290940473 0.23520548412346573 
0.8267946650047685 0.37153633750644977 0.8916527774577523 0.0 0.04998825285688771 0.9072883441943755 0.39555882025028727 0.12690267897985877 0.2957238804306632 0.3637724533464474 0.5378586587032311 0.6709230588418151 0.5268718567477759 0.8256008445104724 0.8281287716164015 
0.8767033142281183 0.37164380034869676 0.9371220889597329 0.04998825285688771 0.0 0.9501115389918827 0.3922057709643196 0.17619434533674924 0.30384614359692946 0.405602543408356 0.587721184953885 0.717032854585745 0.5663808415638889 0.8722821925463288 0.8773912258080803 
0.5297886665418323 1.1634499851297506 0.10552712963714196 0.9072883441943755 0.9501115389918827 0.0 0.8265663793037686 0.7897277429044797 0.7692410289350179 0.8361945011641513 0.569188298092405 0.26213893812987193 0.39117242811749975 0.7824355897497063 0.33717996405943057 
0.981124310506464 0.7634362354044574 0.8582371187076873 0.39555882025028727 0.3922057709643196 0.8265663793037686 0.0 0.40726154912673124 0.12303470486969453 0.6958386442270483 0.7295022230532063 0.6780559174708034 0.46206794077715196 1.0747612650136065 0.9014349689642397 
0.7047360537982142 0.42261535889606444 0.7690760965164626 0.12690267897985877 0.17619434533674924 0.7897277429044797 0.40726154912673124 0.0 0.28808769294647235 0.29153115405696584 0.4169904756078661 0.547560223161229 0.41923104716739484 0.7223052769994528 0.7012609226664057 
0.8718982919448325 0.6672414105859383 0.787616825633188 0.2957238804306632 0.30384614359692946 0.7692410289350179 0.12303470486969453 0.28808769294647235 0.0 0.5741144875873877 0.6122065362323662 0.5920365929420774 0.3853810904732934 0.9547699440145939 0.8057619586161617 
0.5528018943252725 0.35901686969216257 0.77971542287389 0.3637724533464474 0.405602543408356 0.8361945011641513 0.6958386442270483 0.29153115405696584 0.5741144875873877 0.0 0.2938633764316358 0.5742581067549333 0.5557296011910199 0.4800366540048305 0.6283065495590519 
0.28913385373104683 0.650951330144881 0.4991735515783746 0.5378586587032311 0.587721184953885 0.569188298092405 0.7295022230532063 0.4169904756078661 0.6122065362323662 0.2938633764316358 0.0 0.3176154083829084 0.396095768684559 0.35080855909994757 0.334532463426269 
0.37945276029728353 0.9036312284615804 0.22189109534367052 0.6709230588418151 0.717032854585745 0.26213893812987193 0.6780559174708034 0.547560223161229 0.5920365929420774 0.5742581067549333 0.3176154083829084 0.0 0.21852391995452952 0.5913970174803829 0.23506580326415552 
0.566900757285478 0.8266707239870275 0.4022443373940266 0.5268718567477759 0.5663808415638889 0.39117242811749975 0.46206794077715196 0.41923104716739484 0.3853810904732934 0.5557296011910199 0.396095768684559 0.21852391995452952 0.0 0.7329666811037251 0.45030124396949833 
0.261899677970781 0.7948309091397013 0.6843945290940473 0.8256008445104724 0.8722821925463288 0.7824355897497063 1.0747612650136065 0.7223052769994528 0.9547699440145939 0.4800366540048305 0.35080855909994757 0.5913970174803829 0.7329666811037251 0.0 0.4507592568024 
0.1930146511497817 0.9851940108776238 0.23520548412346573 0.8281287716164015 0.8773912258080803 0.33717996405943057 0.9014349689642397 0.7012609226664057 0.8057619586161617 0.6283065495590519 0.334532463426269 0.23506580326415552 0.45030124396949833 0.4507592568024 0.0 
