0.0 0.5943184497845343 0.3010637660134873 0.3429718406130406 0.2816387521473952 0.28940455300440165 0.4833820378239008 0.5327910030790658 0.3739047808950205 0.31469418946606975 0.4684624735819215 0.4078332245348908 0.43585492997334857 0.5749986239659243 0.45530753406703267 
0.5943184497845343 0.0 0.8387978199778826 0.9302945832181221 0.7764213187467582 0.6713285961072747 0.6164251007507707 0.4187415121010099 0.5390372671435316 0.7042199941698641 0.5325541947950231 0.2852983663910479 0.2814250497038045 0.12087036705540524 0.7741692512290498 
0.3010637660134873 0.8387978199778826 0.0 0.3144280275820423 0.4558343544178194 0.5377105900369282 0.46213880644664895 0.8338525292965188 0.40866506448428164 0.21012828640423814 0.5005218556267989 0.588026660299842 0.7290502260198389 0.7867368014720495 0.30913342369814284 
0.3429718406130406 0.9302945832181221 0.3144280275820423 0.0 0.2450608099748029 0.37935495675971237 0.7379296575762927 0.7723997178336768 0.6541139121882463 0.4960882317713755 0.753343246259084 0.7475048199475384 0.7303244518936252 0.9177084392164185 0.6176427751687172 
0.2816387521473952 0.7764213187467582 0.4558343544178194 0.2450608099748029 0.0 0.13976542636426018 0.7625908354085635 0.5455823730997367 0.6552476553385583 0.5651464111429437 0.7500882695859468 0.6602249434471525 0.5358253712160863 0.7923941037210499 0.705337123691718 
0.28940455300440165 0.6713285961072747 0.5377105900369282 0.37935495675971237 0.13976542636426018 0.0 0.7630461821955333 0.40705267657188693 0.6480715697979608 0.6022437603256003 0.7351142017264131 0.599594189123063 0.4130252213330124 0.7034843279732824 0.7436093354581644 
0.4833820378239008 0.6164251007507707 0.46213880644664895 0.7379296575762927 0.7625908354085635 0.7630461821955333 0.0 0.843311008892108 0.118159265792873 0.25218618165172807 0.0856414205117054 0.33804786549554283 0.6801617503381635 0.5128227413042631 0.20674136042127528 
0.5327910030790658 0.4187415121010099 0.8338525292965188 0.7723997178336768 0.5455823730997367 0.40705267657188693 0.843311008892108 0.0 0.7308140511170528 0.7996133874859943 0.7787143180854383 0.539516203191982 0.17075693475457362 0.512066335143302 0.9207280084057984 
0.3739047808950205 0.5390372671435316 0.40866506448428164 0.6541139121882463 0.6552476553385583 0.6480715697979608 0.118159265792873 0.7308140511170528 0.0 0.20806908179036712 0.09934753825641897 0.2537555110097195 0.5708592385969483 0.4482308754779182 0.23645685576899145 
0.31469418946606975 0.7042199941698641 0.21012828640423814 0.4960882317713755 0.5651464111429437 0.6022437603256003 0.25218618165172807 0.7996133874859943 0.20806908179036712 0.0 0.2933943580964165 0.42821809286143275 0.6624901177614203 0.6309178725323821 0.14165247502947426 
0.4684624735819215 0.5325541947950231 0.5005218556267989 0.753343246259084 0.7500882695859468 0.7351142017264131 0.0856414205117054 0.7787143180854383 0.09934753825641897 0.2933943580964165 0.0 0.2583791146073289 0.6122470488940993 0.42749649096283693 0.28102765915718925 
0.4078332245348908 0.2852983663910479 0.588026660299842 0.7475048199475384 0.6602249434471525 0.599594189123063 0.33804786549554283 0.539516203191982 0.2537555110097195 0.42821809286143275 0.2583791146073289 0.0 0.3690453024273411 0.20280671056949165 0.48909202089961845 
0.43585492997334857 0.2814250497038045 0.7290502260198389 0.7303244518936252 0.5358253712160863 0.4130252213330124 0.6801617503381635 0.17075693475457362 0.5708592385969483 0.6624901177614203 0.6122470488940993 0.3690453024273411 0.0 0.3554113147289062 0.7738753306269935 
0.5749986239659243 0.12087036705540524 0.7867368014720495 0.9177084392164185 0.7923941037210499 0.7034843279732824 0.5128227413042631 0.512066335143302 0.4482308754779182 0.6309178725323821 0.42749649096283693 0.20280671056949165 0.3554113147289062 0.0 0.6845903632871325 
0.45530753406703267 0.7741692512290498 0.30913342369814284 0.6176427751687172 0.705337123691718 0.7436093354581644 0.20674136042127528 0.9207280084057984 0.23645685576899145 0.14165247502947426 0.28102765915718925 0.48909202089961845 0.7738753306269935 0.6845903632871325 0.0 
