0 9612 7827 7148 3194 19063 2276 16797 6012 8777 12803 12947 11788 355 12663 
7301 0 7411 8898 3250 5462 15723 13528 10431 6947 1232 9648 11731 12314 989 
10322 19176 0 12452 15334 19601 18806 13348 4795 6791 19804 8600 16639 7339 13709 
11478 7384 3425 0 7281 18513 16071 15303 11421 17402 17141 3064 2881 13439 1500 
17724 5571 10735 19674 0 10419 3868 7148 11897 8945 1644 5180 6598 2038 17585 
4997 10909 13482 19930 10271 0 4699 538 11877 2763 3049 14138 2674 7301 11200 
11934 18831 15303 705 19503 4879 0 1990 5820 9894 13761 134 15182 17173 13217 
1492 15339 15749 16402 5994 9964 4003 0 2503 8293 11365 8080 6275 1487 19408 
9738 4172 8603 7007 715 9150 3864 1077 0 15340 6235 17810 3162 12972 16596 
13033 14904 12338 9143 10563 114 952 5533 879 0 7400 14537 7031 8089 15149 
3741 9772 10955 4105 18412 8782 291 11890 3327 474 0 8641 18485 13503 18375 
5232 12060 2065 17492 6844 10476 9163 18958 13565 5360 6524 0 18547 17303 12887 
8960 10113 10492 18192 11540 18191 2599 8853 9084 12754 12839 6897 0 3301 13503 
8936 8550 2072 1116 3812 6245 5299 18486 4768 18374 12187 6293 13018 0 8853 
15966 14106 15359 776 13778 767 14330 16248 11836 5928 8350 7980 8941 18393 0 
