0 1498 15343 2981 17522 16220 3522 5833 15865 351 6825 14133 6077 14271 17326 
19979 0 16858 16290 15413 17054 11233 11434 9760 13704 2747 5937 5191 18158 16644 
19118 18496 0 14641 400 8606 17255 16176 18268 19702 7371 7535 496 15162 1308 
109 19423 17819 0 887 9395 11903 5172 6051 15339 291 12455 14118 15962 2739 
8676 2845 15479 7580 0 8725 14986 19577 16315 13912 2085 2528 15049 13125 849 
3525 15162 7312 6746 2916 0 10596 1103 16361 2928 11354 17102 12546 12029 10609 
10778 4564 7278 6321 16841 9193 0 4759 7293 1622 8142 4676 8359 10212 2153 
14699 19666 1953 2819 12856 1039 3414 0 19403 9529 3931 14043 9835 7085 723 
16459 12618 15182 3933 10698 19455 19993 6379 0 9722 7249 6375 7390 2107 2471 
13445 9909 7063 934 6074 18614 16815 11649 7492 0 191 1848 14713 1471 3425 
5632 66 16522 19033 17203 6484 9056 6947 2308 8303 0 7650 12246 16826 1162 
6362 10006 19810 17429 1457 4037 7680 16991 12961 14826 6024 0 9755 135 7936 
906 12460 8275 15725 7707 4283 13124 12433 2277 3284 18811 15512 0 16517 18822 
15320 4565 8517 3895 12366 13296 15966 15720 17932 19623 10829 12899 1798 0 14405 
13094 13162 17061 10207 11936 6951 5939 18117 3717 8986 10089 12809 7993 12506 0 
