0 12924 13949 5798 19602 14710 7591 1101 15217 16600 11285 3994 4620 11775 9291 
16143 0 11813 15536 8802 13262 2215 9746 15260 16166 12647 2621 11428 15962 6204 
2420 18044 0 18324 8521 16548 7628 7607 11010 11213 12444 7972 1356 1010 12602 
15762 1898 2674 0 10958 15024 2465 2728 17717 6387 5835 14864 19558 18430 1179 
19646 15612 10215 3686 0 6452 5753 13850 7032 15626 15460 6735 9429 7337 15888 
4588 13695 2966 7798 8364 0 7124 14639 3646 899 17888 19061 3423 12383 1302 
2875 16683 17699 11441 8555 15771 0 13217 1510 2159 13367 5806 9734 7296 1251 
12635 6696 3246 6577 16748 4705 9426 0 16985 10452 136 13252 16492 6246 15631 
3936 400 3301 10626 10874 19348 6433 15894 0 12012 133 4073 612 14948 4108 
1893 18915 1508 12697 19574 6993 5160 13988 9597 0 11488 19856 4367 9014 5274 
18750 14811 7822 7684 11762 2729 10865 12785 12023 17120 0 4111 1563 13006 7355 
10704 11669 516 4025 17377 1862 16667 14057 7592 17342 16626 0 1725 14213 16897 
13117 12161 1580 3116 8546 14653 4486 2847 10105 19267 9920 16713 0 9321 12215 
6304 13655 4248 2949 4553 9344 9871 19055 15424 15728 281 3834 8456 0 3084 
14787 5819 19186 15647 19368 19526 13430 7216 4747 2352 41 14091 2825 13828 0 
