0 6896 19285 14372 304 18766 4171 2564 702 289 11521 19349 17066 12430 17392 
14603 0 17443 16623 8375 11648 18027 7201 5427 16952 6488 19802 5847 6673 19075 
11060 10920 0 18227 10352 13262 8309 11154 16308 16509 5517 8291 9110 518 3541 
5635 14910 8353 0 18326 7275 14894 5189 1673 354 14137 16621 3014 14297 2864 
13096 8733 8378 10372 0 19720 16738 2203 3087 3986 10512 4791 5204 7891 9119 
9668 2794 5488 7448 5781 0 10476 2047 4455 6975 13467 6855 6223 6450 7264 
8066 5387 16806 2193 15083 18791 0 1169 731 11634 11209 16378 11761 986 4530 
15319 17822 3693 9037 12238 18938 7795 0 16218 2229 19738 11590 1022 4059 5382 
19874 15546 4156 6154 15998 15839 18755 653 0 14113 8870 1125 13126 18681 17622 
1251 1758 1593 18895 16459 11649 11202 10577 13235 0 18701 12094 13003 12825 18808 
19624 2453 16209 482 19019 13930 17636 18484 5302 15092 0 185 997 7320 3485 
1618 13568 6843 15252 4344 9296 12007 15021 19385 16626 13296 0 3904 980 13656 
19801 15370 5845 10982 3676 7214 19071 13903 11529 1919 7267 19162 0 12869 17409 
8800 1469 7831 5560 10830 656 9031 16726 13344 11601 5751 15200 1493 0 5954 
12525 2658 19279 17205 18802 4534 9 18800 11500 17684 1908 18754 18075 6794 0 
