0 220 3909 5075 8979 14940 15152 11662 9894 14601 1924 14684 16593 12314 12466 
17720 0 9167 1368 18366 19258 6045 15950 5919 17488 2193 384 11513 2497 5752 
1006 1402 0 13434 416 14372 19072 5583 4049 5642 11860 10278 12769 11809 2549 
19213 14147 5861 0 11397 3907 3171 19996 19372 10995 286 8718 14329 14454 12069 
15910 18442 17031 12028 0 13944 17414 14846 11478 7384 19829 11521 18659 19084 8441 
11172 7971 2213 4314 13216 0 632 8219 9396 16176 13073 7763 3475 12541 23 
9350 7400 2218 5514 8656 6033 0 8226 16939 10525 11630 5030 14784 15101 1140 
7265 3844 9786 19411 14590 461 19478 0 4334 7037 14746 19010 19702 14442 6750 
3711 16854 3414 11200 6731 7165 15798 16688 0 5050 14010 13680 12083 10014 5022 
17739 15477 12812 3334 8103 19096 10457 19910 9857 0 17394 13665 18187 8971 14940 
14411 16929 18645 15718 8047 17548 930 16120 2481 8091 0 3990 155 5275 7675 
1453 7337 18398 12372 17075 11180 9947 6350 5262 9415 12333 0 10571 16027 5788 
17190 15398 1534 17714 18739 3175 644 14062 19355 12202 7728 12992 0 13782 4439 
12514 11058 11720 15899 8835 11654 2465 10876 11875 13419 9794 8971 15918 0 7359 
10503 7378 7523 15203 15780 19930 2733 925 1027 19141 1109 2356 16800 17801 0 
