0 17770 169 4230 12370 14033 16034 6467 12127 13281 7800 5450 4024 15299 6996 
6597 0 14695 12332 8170 9061 2236 15253 12604 3578 6720 11414 19670 5480 714 
13594 11950 0 15416 10062 13416 12462 12099 17747 7103 10147 3724 1774 16681 13260 
17714 11775 5482 0 19355 12055 18454 3266 5292 5720 14999 13310 995 10540 10221 
11493 16679 2394 9472 0 5709 4829 15650 11276 2867 15404 1598 15117 10282 5627 
18915 19001 18440 14093 2224 0 4141 12920 3112 3431 18548 4691 12804 19714 1289 
10032 15892 11977 14867 14017 13025 0 17981 14387 14806 5080 15570 19133 9894 1094 
13061 4637 10048 8306 16297 1520 11799 0 4233 4820 11113 5203 9825 3230 7281 
19967 7399 18053 8905 120 17423 5284 18075 0 5064 4169 19288 5378 3147 1822 
9811 5509 12842 19850 643 3982 16125 19291 789 0 8844 18877 10014 7041 10083 
3878 3167 15408 13803 13444 2672 8137 18252 10753 14982 0 2907 14461 1624 17287 
1260 5483 11803 10903 14464 5149 8710 18822 16717 19770 11196 0 4199 17990 14329 
5999 10039 1775 18527 5405 9413 16634 17401 17043 10232 4660 16268 0 13789 18967 
14854 10390 9440 13624 4888 6031 4112 7895 846 11462 2236 5607 1269 0 3987 
5601 7396 19198 2232 4029 41 13902 11675 7113 12924 12567 5807 1839 5816 0 
