0 907 3628 14176 11708 6855 9738 16969 8164 14274 127 2921 10386 14247 2083 
7130 0 15580 172 11888 188 7562 16816 1011 18163 19602 9504 1085 1402 5008 
8238 3790 0 18713 18070 10166 6156 14870 7674 3059 1819 1467 11250 2315 4409 
13786 7650 14506 0 10511 19689 4162 11572 6544 10424 15042 1545 16424 7833 16807 
14001 15006 7579 18968 0 1482 16090 3840 7980 11678 3152 7348 6874 9461 5999 
15668 3392 2687 17169 2325 0 15378 11169 8191 19668 3783 14375 7696 19286 10835 
86 901 3353 13748 13677 3117 0 10441 2842 15606 8730 10153 16963 13364 1460 
12340 18869 3353 11766 8736 8524 18014 0 2865 17497 13232 4032 18140 14461 107 
18561 9580 8827 8604 2123 9439 15561 18631 0 9233 5418 11955 13269 10767 13461 
1607 4153 5709 11656 5494 2328 14158 3731 16862 0 17681 8329 1299 14356 16044 
13777 10262 6072 14611 19185 18690 16182 13551 9794 10997 0 5302 4501 6914 16399 
15967 5112 13959 18385 15370 2869 18026 6354 8951 11140 15325 0 555 471 5731 
18593 7162 16875 1174 5118 1525 19571 2576 15138 14583 7649 11032 0 12085 9920 
3134 8487 8528 7093 13539 1323 4654 10630 12778 1100 19728 3504 7936 0 5530 
1230 18877 6430 13119 11217 14593 5788 879 14948 1136 16553 16072 12921 15680 0 
